255,285
256,284
257,284
258,283
259,282
260,282
261,281
262,281
263,280
262,279
261,279
260,278
259,277
258,277
257,276
257,275
258,274
259,274
260,274
261,274
262,273
263,273
264,273
265,273
266,272
267,272
268,272
269,271
270,270
271,269
272,269
273,268
274,267
275,266
276,266
277,266
278,266
279,266
280,266
281,266
282,266
283,266
284,266
285,266
286,266
287,266
288,267
288,268
289,269
289,270
290,271
291,272
291,273
292,274
293,274
294,274
295,274
296,274
297,274
298,274
299,274
300,274
301,274
302,275
301,276
300,277
299,277
298,278
297,279
296,279
295,280
294,281
293,281
292,282
291,282
290,282
289,282
288,282
287,283
286,284
287,285
288,286
289,286
290,287
291,288
292,289
293,289
294,290
295,290
296,290
297,289
298,289
299,289
300,289
301,289
292,307
292,306
293,305
293,304
293,303
294,302
294,301
294,300
295,299
295,298
296,297
297,296
298,295
299,294
300,293
300,292
301,291
302,290
292,307
292,306
293,305
293,304
293,303
294,302
294,301
294,300
295,299
295,298
296,297
297,296
298,295
299,294
300,293
300,292
301,291
302,290
301,289
302,288
303,289
302,290
286,284
287,285
288,286
289,286
290,287
291,288
292,289
293,289
294,290
295,290
296,290
297,289
298,289
299,289
300,289
301,289
287,266
288,267
288,268
289,269
289,270
290,271
291,272
291,273
292,274
293,274
294,274
295,274
296,274
297,274
298,274
299,274
300,274
301,274
302,275
301,276
300,277
299,277
298,278
297,279
296,279
295,280
294,281
293,281
292,282
291,282
290,282
289,282
288,282
287,283
287,265
288,264
288,263
289,262
289,261
290,260
290,259
291,258
291,257
291,256
291,255
291,254
292,253
292,252
292,251
292,250
292,249
293,248
294,248
295,247
296,247
297,246
298,246
299,245
300,245
301,244
302,244
303,243
304,243
305,242
306,242
307,241
308,241
309,240
309,239
310,238
311,239
310,240
276,230
277,231
278,232
279,232
280,233
281,234
282,234
283,235
284,236
285,237
286,237
287,238
288,239
289,240
290,240
291,241
292,241
293,241
294,241
295,240
296,240
297,240
298,240
299,240
300,240
301,240
302,239
303,239
304,239
305,239
306,239
307,239
308,239
273,228
274,228
275,229
273,228
274,228
275,229
277,229
278,229
279,229
280,230
281,230
282,230
283,230
284,231
285,231
286,231
287,231
288,232
289,232
290,232
291,232
292,233
293,233
294,233
295,233
296,233
297,232
298,232
299,232
300,232
301,232
302,232
303,232
304,231
305,231
306,231
307,231
308,231
309,231
310,231
311,231
312,230
312,230
313,230
314,230
315,230
312,230
313,230
314,230
315,230
277,218
278,219
279,219
280,219
281,220
282,220
283,220
284,221
285,221
286,222
287,222
288,222
289,223
290,223
291,223
292,224
293,224
294,225
295,225
296,225
297,225
298,226
299,226
300,226
301,226
302,227
303,227
304,227
305,227
306,228
307,228
308,228
309,228
310,229
311,229
312,230
274,217
275,217
276,217
274,217
275,217
276,217
278,217
279,217
280,217
281,217
282,217
283,217
284,217
285,217
286,217
287,217
288,217
289,217
290,217
291,217
292,217
293,217
294,217
295,217
296,216
297,215
298,215
299,214
300,213
301,212
302,212
303,211
304,210
305,209
306,209
307,208
308,207
309,206
276,209
277,209
278,209
279,209
280,209
281,209
282,209
283,209
284,209
285,209
286,209
287,209
288,209
289,209
290,209
291,209
292,209
293,209
294,209
295,208
296,208
297,208
298,208
299,207
300,207
301,207
302,207
303,206
304,206
305,206
306,206
307,205
308,205
272,209
273,209
274,209
272,209
273,209
274,209
275,208
276,207
277,207
278,206
279,206
280,205
281,205
282,204
283,204
284,203
285,203
286,202
287,202
288,201
289,201
290,200
291,199
292,198
293,197
294,196
295,195
296,194
297,193
298,192
299,191
300,190
301,189
302,188
303,187
304,186
305,185
306,184
307,182
308,181
309,181
310,180
307,182
308,181
309,181
310,180
269,192
270,192
271,192
272,192
273,192
274,192
275,192
276,193
277,193
278,193
279,193
280,193
281,193
282,193
283,193
284,193
285,193
286,192
287,192
288,191
289,191
290,190
291,190
292,189
293,189
294,188
295,188
296,187
297,187
298,186
299,186
300,185
301,185
302,184
303,184
304,183
305,183
265,192
266,192
267,192
265,192
266,192
267,192
262,173
263,174
264,174
265,174
266,174
267,175
268,175
269,175
270,175
271,176
272,176
273,176
274,176
275,177
276,177
277,178
278,179
278,180
279,181
279,182
280,183
280,184
280,185
279,186
278,186
277,187
276,187
275,188
274,188
273,188
272,189
271,189
270,190
269,190
268,191
263,172
264,172
265,172
266,171
267,171
268,171
269,170
270,170
271,170
272,170
273,169
274,169
275,168
276,167
277,166
278,165
279,164
280,163
281,162
282,161
283,160
284,159
285,158
286,157
286,156
287,155
288,154
289,153
290,154
291,154
292,155
293,156
294,156
295,157
296,157
297,158
298,159
299,159
300,160
301,161
302,161
303,162
304,162
279,137
280,138
281,138
282,139
283,139
284,140
285,140
286,141
287,141
288,142
289,142
290,143
291,143
292,144
293,144
294,145
295,146
295,147
296,148
297,149
297,150
298,151
299,152
300,153
300,154
301,155
302,156
302,157
303,158
304,159
304,160
305,161
276,136
277,136
278,136
276,136
277,136
278,136
280,136
281,136
282,136
283,136
284,136
285,136
286,136
287,136
288,137
289,137
290,137
291,137
292,137
293,137
294,137
295,137
296,137
297,137
298,137
299,137
300,138
301,138
302,139
303,139
304,140
305,140
306,141
307,141
308,140
307,139
307,138
306,137
306,136
305,135
305,134
304,133
304,132
303,131
303,130
302,129
303,128
303,127
304,126
304,125
305,124
305,123
306,122
306,121
307,120
307,119
308,118
308,117
309,116
309,115
310,114
310,113
311,112
311,111
312,110
312,109
313,108
313,107
314,106
314,105
315,104
315,103
316,102
316,101
317,100
317,99
318,98
318,97
280,136
281,136
282,136
283,136
284,136
285,136
286,136
287,136
288,137
289,137
290,137
291,137
292,137
293,137
294,137
295,137
296,137
297,137
298,137
299,137
300,138
301,138
302,139
303,139
304,140
305,140
306,141
307,141
308,140
307,139
307,138
306,137
306,136
305,135
305,134
304,133
304,132
303,131
303,130
302,129
303,128
303,127
304,126
304,125
305,124
305,123
306,122
306,121
307,120
307,119
308,118
308,117
309,116
309,115
310,114
310,113
311,112
311,111
312,110
312,109
313,108
313,107
314,106
314,105
315,104
315,103
316,102
316,101
317,100
317,99
318,98
318,97
279,137
280,138
281,138
282,139
283,139
284,140
285,140
286,141
287,141
288,142
289,142
290,143
291,143
292,144
293,144
294,145
295,146
295,147
296,148
297,149
297,150
298,151
299,152
300,153
300,154
301,155
302,156
302,157
303,158
304,159
304,160
305,161
274,169
275,168
276,167
277,166
278,165
279,164
280,163
281,162
282,161
283,160
284,159
285,158
286,157
286,156
287,155
288,154
289,153
290,154
291,154
292,155
293,156
294,156
295,157
296,157
297,158
298,159
299,159
300,160
301,161
302,161
303,162
304,162
247,139
248,140
248,141
248,142
249,143
249,144
249,145
250,146
250,147
250,148
250,149
251,150
251,151
251,152
252,153
252,154
252,155
253,156
253,157
253,158
254,159
255,160
256,160
257,160
258,160
259,160
260,160
261,160
262,160
263,161
264,161
265,162
266,163
267,164
268,164
269,165
270,166
271,167
272,167
273,168
246,135
246,136
246,137
246,138
246,135
246,136
246,137
246,138
238,160
239,160
240,160
241,160
242,160
243,160
244,160
245,160
246,159
246,158
246,157
246,156
246,155
246,154
246,153
246,152
246,151
246,150
246,149
246,148
246,147
246,146
246,145
246,144
246,143
246,142
246,141
246,140
217,183
218,182
219,182
220,182
221,181
222,181
223,181
224,180
225,180
226,180
227,179
228,179
229,179
230,178
231,178
232,178
233,177
234,177
235,177
236,176
237,175
237,174
237,173
237,172
237,171
237,170
237,169
237,168
237,167
237,166
237,165
237,164
237,163
237,162
237,161
217,183
218,184
219,184
220,184
221,184
222,184
223,184
224,184
225,184
226,184
227,184
228,184
229,184
230,184
231,184
232,184
233,184
234,184
235,184
236,184
237,184
238,185
239,185
240,186
241,186
242,187
243,187
244,188
245,189
246,189
247,190
248,190
249,191
248,192
247,192
246,192
245,192
244,192
243,192
242,192
241,192
240,192
239,192
238,192
237,192
236,192
235,193
234,193
233,193
232,194
231,194
230,194
229,195
228,195
227,195
226,196
225,196
224,196
223,197
222,197
221,197
220,198
219,198
218,198
217,199
213,200
214,200
215,200
216,199
217,199
213,200
214,200
215,200
216,199
217,199
217,199
218,200
219,200
220,200
221,200
222,200
223,200
224,200
225,200
226,200
227,200
228,200
229,200
230,200
231,200
232,200
233,200
234,200
235,200
236,200
237,200
238,200
239,201
240,201
241,202
242,202
243,203
244,203
245,204
246,204
247,205
248,205
249,206
250,206
251,207
252,208
253,208
254,208
252,208
253,208
254,208
224,216
225,215
226,215
227,214
228,213
229,213
230,212
231,212
232,211
233,210
234,210
235,209
236,209
237,208
238,208
239,208
240,208
241,208
242,208
243,208
244,208
245,208
246,208
247,208
248,208
249,208
250,208
225,217
226,217
227,217
228,217
229,217
230,216
231,216
232,216
233,216
234,216
235,216
236,216
237,216
238,216
239,217
239,218
240,219
240,220
241,221
241,222
242,223
243,224
243,225
244,226
244,227
234,224
235,224
236,225
237,225
238,226
239,226
240,227
241,227
242,228
243,228
234,224
235,224
236,225
237,225
238,226
239,226
240,227
241,227
242,228
243,228
225,217
226,217
227,217
228,217
229,217
230,216
231,216
232,216
233,216
234,216
235,216
236,216
237,216
238,216
239,217
239,218
240,219
240,220
241,221
241,222
242,223
243,224
243,225
244,226
244,227
224,216
225,215
226,215
227,214
228,213
229,213
230,212
231,212
232,211
233,210
234,210
235,209
236,209
237,208
238,208
239,208
240,208
241,208
242,208
243,208
244,208
245,208
246,208
247,208
248,208
249,208
250,208
217,199
218,200
219,200
220,200
221,200
222,200
223,200
224,200
225,200
226,200
227,200
228,200
229,200
230,200
231,200
232,200
233,200
234,200
235,200
236,200
237,200
238,200
239,201
240,201
241,202
242,202
243,203
244,203
245,204
246,204
247,205
248,205
249,206
250,206
251,207
217,183
218,184
219,184
220,184
221,184
222,184
223,184
224,184
225,184
226,184
227,184
228,184
229,184
230,184
231,184
232,184
233,184
234,184
235,184
236,184
237,184
238,185
239,185
240,186
241,186
242,187
243,187
244,188
245,189
246,189
247,190
248,190
249,191
248,192
247,192
246,192
245,192
244,192
243,192
242,192
241,192
240,192
239,192
238,192
237,192
236,192
235,193
234,193
233,193
232,194
231,194
230,194
229,195
228,195
227,195
226,196
225,196
224,196
223,197
222,197
221,197
220,198
219,198
218,198
217,199
213,184
214,184
215,184
216,183
217,183
213,184
214,184
215,184
216,183
217,183
217,183
218,182
219,182
220,182
221,181
222,181
223,181
224,180
225,180
226,180
227,179
228,179
229,179
230,178
231,178
232,178
233,177
234,177
235,177
236,176
237,175
237,174
237,173
237,172
237,171
237,170
237,169
237,168
237,167
237,166
237,165
237,164
237,163
237,162
237,161
212,164
213,164
214,164
215,164
216,164
217,164
218,163
219,163
220,163
221,163
222,163
223,162
224,162
225,162
226,162
227,162
228,162
229,161
230,161
231,161
232,161
233,161
234,161
235,160
236,160
211,163
212,162
213,161
214,160
215,159
216,158
217,157
218,157
219,156
220,155
221,154
222,153
223,152
224,151
225,150
226,149
226,148
226,147
227,146
227,145
227,144
227,143
228,142
228,141
228,140
228,139
229,138
229,137
229,136
229,135
229,134
230,133
230,132
230,131
230,130
200,144
201,144
202,144
203,144
204,144
205,143
206,143
207,143
208,143
209,143
210,143
211,142
212,142
213,142
214,142
215,142
216,141
217,141
218,141
219,140
220,139
221,138
222,137
223,136
224,135
225,134
225,133
226,132
227,131
228,130
229,129
199,143
200,142
201,141
202,140
203,139
204,139
205,138
206,137
207,136
208,135
209,134
210,133
209,132
209,131
208,130
207,129
207,128
206,127
205,126
205,125
204,124
203,123
178,133
179,133
180,133
181,133
182,133
183,133
184,133
185,133
186,133
187,133
188,133
189,133
190,133
191,133
192,133
193,133
194,133
195,133
196,133
197,133
198,133
199,133
200,133
201,133
202,132
202,131
202,130
202,129
202,128
202,127
202,126
202,125
202,124
156,150
157,150
158,150
159,150
160,150
161,150
162,150
163,150
164,150
165,150
166,150
167,150
168,150
169,150
170,150
171,150
172,150
173,150
174,150
175,150
176,150
177,149
177,148
177,147
177,146
177,145
177,144
177,143
177,142
177,141
177,140
177,139
177,138
177,137
177,136
177,135
177,134
150,150
151,150
152,150
153,150
154,150
150,150
151,150
152,150
153,150
154,150
155,151
156,152
157,152
158,152
159,153
160,153
161,153
162,154
163,154
164,154
165,154
166,155
167,155
168,155
169,156
170,156
171,156
172,157
173,157
174,157
175,157
176,158
177,158
178,158
179,158
180,158
181,158
182,158
183,158
184,158
185,158
186,158
187,158
188,158
189,158
191,158
192,158
193,158
191,158
192,158
193,158
153,166
154,166
155,166
156,166
157,166
158,166
159,166
160,166
161,166
162,166
163,166
164,166
165,166
166,166
167,166
168,166
169,166
170,166
171,166
172,166
173,166
174,166
175,166
176,166
177,166
178,165
179,165
180,164
181,164
182,163
183,163
184,162
185,162
186,161
187,161
188,160
189,160
190,159
147,166
148,166
149,166
150,166
151,166
147,166
148,166
149,166
150,166
151,166
152,167
153,168
154,168
155,168
156,168
157,169
158,169
159,169
160,169
161,170
162,170
163,170
164,171
165,171
166,171
167,171
168,172
169,172
170,172
171,172
172,173
173,173
174,173
175,173
176,174
177,174
178,174
179,174
180,174
181,174
182,174
183,174
184,174
185,174
186,174
187,174
188,174
189,174
190,174
191,174
192,174
193,174
194,174
195,174
196,174
198,174
199,174
200,174
201,174
198,174
199,174
200,174
201,174
150,182
151,182
152,182
153,182
154,182
155,182
156,182
157,182
158,182
159,182
160,182
161,182
162,182
163,182
164,182
165,182
166,182
167,182
168,182
169,182
170,182
171,182
172,182
173,182
174,182
175,182
176,182
177,182
178,182
179,181
180,181
181,181
182,180
183,180
184,180
185,179
186,179
187,179
188,178
189,178
190,178
191,177
192,177
193,177
194,176
195,176
196,176
197,175
143,182
144,182
145,182
146,182
147,182
148,182
143,182
144,182
145,182
146,182
147,182
148,182
149,183
150,184
151,184
152,184
153,184
154,185
155,185
156,185
157,185
158,186
159,186
160,186
161,186
162,186
163,187
164,187
165,187
166,187
167,188
168,188
169,188
170,188
171,189
172,189
173,189
174,189
175,190
176,190
177,190
178,190
179,190
180,190
181,190
182,190
183,190
184,190
185,190
186,190
187,190
188,190
189,190
190,190
191,190
192,190
193,190
194,190
195,190
196,190
198,190
199,190
200,190
201,190
198,190
199,190
200,190
201,190
147,198
148,198
149,198
150,198
151,198
152,198
153,198
154,198
155,198
156,198
157,198
158,198
159,198
160,198
161,198
162,198
163,198
164,198
165,198
166,198
167,198
168,198
169,198
170,198
171,198
172,198
173,198
174,198
175,198
176,198
177,198
178,198
179,197
180,197
181,197
182,196
183,196
184,196
185,195
186,195
187,195
188,194
189,194
190,194
191,193
192,193
193,193
194,192
195,192
196,192
197,191
139,198
140,198
141,198
142,198
143,198
144,198
145,198
139,198
140,198
141,198
142,198
143,198
144,198
145,198
146,199
147,200
148,200
149,200
150,200
151,201
152,201
153,201
154,201
155,201
156,202
157,202
158,202
159,202
160,202
161,203
162,203
163,203
164,203
165,203
166,204
167,204
168,204
169,204
170,205
171,205
172,205
173,205
174,205
175,206
176,206
177,206
178,206
179,206
180,206
181,205
182,205
183,205
184,205
185,205
186,205
187,205
188,204
189,204
190,204
191,204
192,204
193,204
194,204
195,204
196,203
197,204
196,205
161,216
162,215
163,215
164,215
165,215
166,215
167,215
168,215
169,215
170,215
171,215
172,215
173,214
174,214
175,214
176,214
177,214
178,214
179,213
180,213
181,212
182,212
183,211
184,211
185,210
186,210
187,209
188,209
189,208
190,208
191,207
192,207
193,206
194,206
195,205
156,216
157,216
158,216
159,216
160,216
156,216
157,216
158,216
159,216
160,216
161,217
162,218
163,218
164,218
165,218
166,219
167,219
168,219
169,219
170,220
171,220
172,220
173,220
174,221
175,221
176,221
177,221
178,222
179,222
180,222
181,222
182,223
183,223
184,223
185,223
186,224
187,224
188,224
189,224
190,225
191,225
192,225
193,225
194,226
195,226
196,227
196,227
197,227
198,227
199,227
196,227
197,227
198,227
199,227
159,232
160,231
161,231
162,231
163,231
164,231
165,231
166,231
167,231
168,231
169,231
170,231
171,231
172,230
173,230
174,230
175,230
176,230
177,230
178,230
179,230
180,230
181,229
182,229
183,229
184,229
185,229
186,229
187,229
188,228
189,228
190,228
191,228
192,228
193,228
194,228
195,228
196,227
154,232
155,232
156,232
157,232
158,232
159,232
154,232
155,232
156,232
157,232
158,232
159,232
159,232
160,233
161,234
162,234
163,234
164,234
165,235
166,235
167,235
168,235
169,236
170,236
171,236
172,236
173,237
174,237
175,237
176,237
177,238
178,238
179,238
180,239
181,239
182,239
183,240
184,240
185,240
186,241
187,241
188,242
189,242
190,243
190,243
191,243
192,243
190,243
191,243
192,243
178,257
177,256
176,256
175,256
174,255
173,255
172,255
171,254
170,253
169,252
169,251
169,250
169,249
168,248
168,247
168,246
167,245
167,244
167,243
167,242
168,241
169,242
170,243
171,243
172,244
173,245
174,245
175,246
176,246
177,246
178,245
179,245
180,245
181,245
182,245
183,245
184,244
185,244
186,244
187,244
188,244
189,244
190,243
157,260
158,260
159,261
160,261
161,261
162,261
163,261
164,261
165,262
166,262
167,262
168,262
169,261
170,261
171,260
172,260
173,259
174,259
175,259
176,258
177,258
178,257
156,260
155,260
156,261
156,261
157,262
158,263
159,264
160,265
161,265
162,266
163,267
164,268
165,269
166,270
167,271
167,272
168,273
168,274
169,275
170,276
170,277
171,278
172,279
172,280
173,281
174,282
175,283
175,284
176,285
177,286
178,287
178,288
179,289
179,290
180,291
180,292
181,293
182,294
182,295
183,296
183,297
184,298
184,299
185,300
156,261
157,262
158,263
159,264
160,265
161,265
162,266
163,267
164,268
165,269
166,270
167,271
167,272
168,273
168,274
169,275
170,276
170,277
171,278
172,279
172,280
173,281
174,282
175,283
175,284
176,285
177,286
178,287
178,288
179,289
179,290
180,291
180,292
181,293
182,294
182,295
183,296
183,297
184,298
184,299
185,300
157,260
158,260
159,261
160,261
161,261
162,261
163,261
164,261
165,262
166,262
167,262
168,262
169,261
170,261
171,260
172,260
173,259
174,259
175,259
176,258
177,258
178,257
178,257
177,256
176,256
175,256
174,255
173,255
172,255
171,254
170,253
169,252
169,251
169,250
169,249
168,248
168,247
168,246
167,245
167,244
167,243
167,242
168,241
169,242
170,243
171,243
172,244
173,245
174,245
175,246
176,246
177,246
178,245
179,245
180,245
181,245
182,245
183,245
184,244
185,244
186,244
187,244
188,244
189,244
190,243
159,232
160,233
161,234
162,234
163,234
164,234
165,235
166,235
167,235
168,235
169,236
170,236
171,236
172,236
173,237
174,237
175,237
176,237
177,238
178,238
179,238
180,239
181,239
182,239
183,240
184,240
185,240
186,241
187,241
188,242
189,242
190,243
159,232
160,231
161,231
162,231
163,231
164,231
165,231
166,231
167,231
168,231
169,231
170,231
171,231
172,230
173,230
174,230
175,230
176,230
177,230
178,230
179,230
180,230
181,229
182,229
183,229
184,229
185,229
186,229
187,229
188,228
189,228
190,228
191,228
192,228
193,228
194,228
195,228
196,227
161,217
162,218
163,218
164,218
165,218
166,219
167,219
168,219
169,219
170,220
171,220
172,220
173,220
174,221
175,221
176,221
177,221
178,222
179,222
180,222
181,222
182,223
183,223
184,223
185,223
186,224
187,224
188,224
189,224
190,225
191,225
192,225
193,225
194,226
195,226
196,227
161,216
162,215
163,215
164,215
165,215
166,215
167,215
168,215
169,215
170,215
171,215
172,215
173,214
174,214
175,214
176,214
177,214
178,214
179,213
180,213
181,212
182,212
183,211
184,211
185,210
186,210
187,209
188,209
189,208
190,208
191,207
192,207
193,206
194,206
195,205
146,199
147,200
148,200
149,200
150,200
151,201
152,201
153,201
154,201
155,201
156,202
157,202
158,202
159,202
160,202
161,203
162,203
163,203
164,203
165,203
166,204
167,204
168,204
169,204
170,205
171,205
172,205
173,205
174,205
175,206
176,206
177,206
178,206
179,206
180,206
181,205
182,205
183,205
184,205
185,205
186,205
187,205
188,204
189,204
190,204
191,204
192,204
193,204
194,204
147,198
148,198
149,198
150,198
151,198
152,198
153,198
154,198
155,198
156,198
157,198
158,198
159,198
160,198
161,198
162,198
163,198
164,198
165,198
166,198
167,198
168,198
169,198
170,198
171,198
172,198
173,198
174,198
175,198
176,198
177,198
178,198
179,197
180,197
181,197
182,196
183,196
184,196
185,195
186,195
187,195
188,194
189,194
190,194
191,193
192,193
193,193
194,192
195,192
196,192
197,191
149,183
150,184
151,184
152,184
153,184
154,185
155,185
156,185
157,185
158,186
159,186
160,186
161,186
162,186
163,187
164,187
165,187
166,187
167,188
168,188
169,188
170,188
171,189
172,189
173,189
174,189
175,190
176,190
177,190
178,190
179,190
180,190
181,190
182,190
183,190
184,190
185,190
186,190
187,190
188,190
189,190
190,190
191,190
192,190
193,190
194,190
195,190
196,190
150,182
151,182
152,182
153,182
154,182
155,182
156,182
157,182
158,182
159,182
160,182
161,182
162,182
163,182
164,182
165,182
166,182
167,182
168,182
169,182
170,182
171,182
172,182
173,182
174,182
175,182
176,182
177,182
178,182
179,181
180,181
181,181
182,180
183,180
184,180
185,179
186,179
187,179
188,178
189,178
190,178
191,177
192,177
193,177
194,176
195,176
196,176
197,175
152,167
153,168
154,168
155,168
156,168
157,169
158,169
159,169
160,169
161,170
162,170
163,170
164,171
165,171
166,171
167,171
168,172
169,172
170,172
171,172
172,173
173,173
174,173
175,173
176,174
177,174
178,174
179,174
180,174
181,174
182,174
183,174
184,174
185,174
186,174
187,174
188,174
189,174
190,174
191,174
192,174
193,174
194,174
195,174
196,174
153,166
154,166
155,166
156,166
157,166
158,166
159,166
160,166
161,166
162,166
163,166
164,166
165,166
166,166
167,166
168,166
169,166
170,166
171,166
172,166
173,166
174,166
175,166
176,166
177,166
178,165
179,165
180,164
181,164
182,163
183,163
184,162
185,162
186,161
187,161
188,160
189,160
190,159
155,151
156,152
157,152
158,152
159,153
160,153
161,153
162,154
163,154
164,154
165,154
166,155
167,155
168,155
169,156
170,156
171,156
172,157
173,157
174,157
175,157
176,158
177,158
178,158
179,158
180,158
181,158
182,158
183,158
184,158
185,158
186,158
187,158
188,158
189,158
156,150
157,150
158,150
159,150
160,150
161,150
162,150
163,150
164,150
165,150
166,150
167,150
168,150
169,150
170,150
171,150
172,150
173,150
174,150
175,150
176,150
177,149
177,148
177,147
177,146
177,145
177,144
177,143
177,142
177,141
177,140
177,139
177,138
177,137
177,136
177,135
177,134
153,142
154,142
155,142
156,141
157,141
158,140
159,140
160,140
161,139
162,139
163,138
164,138
165,138
166,137
167,137
168,137
169,136
170,136
171,135
172,135
173,135
174,134
175,134
176,133
152,141
153,140
154,139
155,138
156,137
157,136
158,135
159,134
160,134
161,133
162,132
163,131
164,130
165,129
166,128
167,127
168,126
169,125
111,32
112,33
112,34
113,35
113,36
114,37
114,38
115,39
115,40
116,41
116,42
116,43
117,44
117,45
118,46
118,47
119,48
119,49
120,50
120,51
121,52
121,53
122,54
122,55
123,56
123,57
124,58
124,59
124,60
125,61
125,62
126,63
126,64
127,65
127,66
128,67
128,68
129,69
129,70
130,71
130,72
131,73
131,74
132,75
132,76
132,77
133,78
133,79
134,80
134,81
135,82
135,83
136,84
136,85
137,86
137,87
138,88
138,89
139,90
139,91
139,92
140,93
140,94
141,95
141,96
142,97
142,98
143,99
143,100
144,101
144,102
145,103
145,104
146,105
146,106
147,107
147,108
148,109
149,109
150,110
151,110
152,111
153,112
154,112
155,113
156,114
157,115
158,116
159,116
160,117
161,118
162,119
163,120
164,121
165,122
166,122
167,123
168,124
169,125
110,33
110,34
110,35
111,36
111,37
112,38
112,39
112,40
113,41
113,42
113,43
114,44
114,45
115,46
115,47
115,48
116,49
116,50
116,51
117,52
117,53
118,54
118,55
118,56
119,57
119,58
119,59
120,60
120,61
121,62
121,63
121,64
122,65
122,66
122,67
123,68
123,69
124,70
124,71
124,72
125,73
125,74
125,75
126,76
126,77
127,78
127,79
127,80
128,81
128,82
128,83
129,84
129,85
130,86
130,87
130,88
131,89
131,90
131,91
132,92
132,93
133,94
133,95
133,96
134,97
134,98
134,99
135,100
135,101
136,102
136,103
136,104
137,105
137,106
137,107
138,108
138,109
139,110
139,111
139,112
139,113
139,114
139,115
139,116
139,117
139,118
139,119
139,120
139,121
139,122
139,123
139,124
139,125
139,126
139,127
139,128
80,30
81,31
82,32
82,33
83,34
83,35
84,36
84,37
85,38
86,39
86,40
87,41
87,42
88,43
89,44
89,45
90,46
90,47
91,48
92,49
92,50
93,51
93,52
94,53
95,54
95,55
96,56
96,57
97,58
98,59
98,60
99,61
99,62
100,63
101,64
101,65
102,66
102,67
103,68
104,69
104,70
105,71
105,72
106,73
107,74
107,75
108,76
108,77
109,78
110,79
110,80
111,81
111,82
112,83
113,84
113,85
114,86
114,87
115,88
115,89
116,90
117,91
117,92
118,93
118,94
119,95
120,96
120,97
121,98
121,99
122,100
123,101
123,102
124,103
124,104
125,105
126,106
126,107
127,108
127,109
128,110
129,111
129,112
130,113
130,114
131,115
131,116
132,117
132,118
133,119
133,120
134,121
134,122
135,123
135,124
136,125
136,126
137,127
137,128
138,129
34,92
35,92
36,92
37,93
38,93
39,94
40,94
41,94
42,95
43,95
44,96
45,96
46,97
47,97
48,97
49,98
50,98
51,99
52,99
53,99
54,100
55,100
56,101
57,101
58,101
59,102
60,102
61,103
62,103
63,103
64,104
65,104
66,105
67,105
68,106
69,106
70,106
71,107
72,107
73,108
74,108
75,108
76,109
77,109
78,110
79,110
80,110
81,111
82,111
83,112
84,112
85,112
86,113
87,113
88,114
89,114
90,115
91,115
92,115
93,116
94,116
95,117
96,117
97,117
98,118
99,118
100,119
101,119
102,119
103,120
104,120
105,121
106,121
107,121
108,122
109,122
110,123
111,123
112,124
113,124
114,124
115,125
116,125
117,126
118,126
119,125
119,124
120,123
121,122
122,121
122,120
123,119
122,118
122,117
121,116
121,115
120,114
120,113
119,112
119,111
118,110
118,109
117,108
117,107
116,106
116,105
115,104
115,103
114,102
114,101
113,100
113,99
112,98
112,97
111,96
111,95
110,94
110,93
109,92
109,91
108,90
108,89
107,88
107,87
106,86
106,85
105,84
105,83
104,82
104,81
103,80
103,79
102,78
102,77
101,76
101,75
100,74
100,73
99,72
99,71
98,70
98,69
97,68
97,67
96,66
96,65
95,64
95,63
94,62
94,61
93,60
93,59
92,58
92,57
91,56
91,55
90,54
90,53
89,52
89,51
88,50
88,49
87,48
87,47
86,46
86,45
85,44
85,43
84,42
84,41
83,40
83,39
82,38
82,37
81,36
81,35
80,34
80,33
79,32
79,31
33,93
34,94
35,94
36,95
37,95
38,96
39,96
40,97
41,97
42,98
43,98
44,99
45,99
46,100
47,100
48,101
49,101
50,102
51,102
52,103
53,103
54,104
55,104
56,105
57,105
58,106
59,106
60,107
61,107
62,108
63,108
64,109
65,109
66,110
67,110
68,111
69,111
70,112
71,112
72,113
73,113
74,114
75,114
76,115
77,115
78,116
79,116
80,117
81,117
82,118
83,118
84,119
85,119
86,120
87,120
88,121
89,121
90,122
91,122
92,123
93,123
94,124
95,124
96,125
97,125
98,126
99,126
100,127
101,127
102,128
103,128
104,129
105,129
106,130
107,130
108,131
109,131
110,132
111,132
112,133
113,133
114,134
115,135
116,136
117,137
118,138
119,139
120,140
121,141
122,142
123,143
123,144
124,145
125,146
126,147
127,148
128,149
32,111
33,111
34,111
35,112
36,112
37,113
38,113
39,113
40,114
41,114
42,115
43,115
44,115
45,116
46,116
47,117
48,117
49,117
50,118
51,118
52,119
53,119
54,119
55,120
56,120
57,121
58,121
59,121
60,122
61,122
62,123
63,123
64,124
65,124
66,124
67,125
68,125
69,126
70,126
71,126
72,127
73,127
74,128
75,128
76,128
77,129
78,129
79,130
80,130
81,130
82,131
83,131
84,132
85,132
86,132
87,133
88,133
89,134
90,134
91,134
92,135
93,135
94,136
95,136
96,136
97,137
98,137
99,138
100,138
101,138
102,139
103,139
104,140
105,140
106,140
107,141
108,141
109,142
110,142
111,142
112,143
113,143
114,144
115,144
116,145
117,145
118,146
119,146
120,147
121,147
122,148
123,148
124,149
125,149
126,150
127,150
31,112
32,113
33,113
34,114
35,114
36,115
37,115
38,116
39,116
40,117
41,117
42,118
43,118
44,119
45,119
46,120
47,120
48,121
49,121
50,122
51,122
52,123
53,123
54,124
55,124
56,125
57,125
58,126
59,126
60,127
61,127
62,128
63,128
64,129
65,129
66,130
67,130
68,131
69,131
70,132
71,132
72,133
73,133
74,134
75,134
76,135
77,135
78,136
79,136
80,137
81,137
82,138
83,138
84,139
85,139
86,140
87,140
88,141
89,141
90,142
91,142
92,143
93,143
94,144
95,144
96,145
97,145
98,146
99,146
100,147
101,147
102,148
103,148
104,149
105,149
106,150
107,151
108,152
109,153
110,154
111,155
112,156
113,157
114,158
115,159
116,160
117,160
118,161
119,162
120,163
121,164
122,165
123,166
124,167
30,130
31,130
32,130
33,131
34,131
35,132
36,132
37,132
38,133
39,133
40,134
41,134
42,134
43,135
44,135
45,136
46,136
47,136
48,137
49,137
50,138
51,138
52,138
53,139
54,139
55,139
56,140
57,140
58,141
59,141
60,141
61,142
62,142
63,143
64,143
65,143
66,144
67,144
68,145
69,145
70,145
71,146
72,146
73,147
74,147
75,147
76,148
77,148
78,149
79,149
80,149
81,150
82,150
83,151
84,151
85,151
86,152
87,152
88,152
89,153
90,153
91,154
92,154
93,154
94,155
95,155
96,156
97,156
98,156
99,157
100,157
101,158
102,158
103,158
104,159
105,159
106,160
107,160
108,161
109,161
110,162
111,162
112,163
113,163
114,164
115,164
116,165
117,165
118,166
119,166
120,167
121,167
122,168
123,168
29,131
30,132
31,132
32,133
33,133
34,134
35,134
36,135
37,135
38,136
39,136
40,137
41,137
42,138
43,138
44,139
45,139
46,140
47,140
48,141
49,141
50,142
51,142
52,143
53,143
54,144
55,144
56,145
57,145
58,146
59,146
60,147
61,147
62,148
63,148
64,149
65,149
66,150
67,150
68,151
69,151
70,152
71,152
72,153
73,153
74,154
75,154
76,155
77,155
78,156
79,156
80,157
81,157
82,158
83,158
84,159
85,159
86,160
87,160
88,161
89,161
90,162
91,162
92,163
93,163
94,164
95,164
96,165
97,165
98,166
99,167
100,168
101,169
102,170
103,170
104,171
105,172
106,173
107,174
108,175
109,176
110,177
111,177
112,178
113,179
114,180
115,181
116,182
117,183
118,184
28,149
29,149
30,149
31,150
32,150
33,151
34,151
35,151
36,152
37,152
38,153
39,153
40,153
41,154
42,154
43,154
44,155
45,155
46,156
47,156
48,156
49,157
50,157
51,157
52,158
53,158
54,159
55,159
56,159
57,160
58,160
59,161
60,161
61,161
62,162
63,162
64,162
65,163
66,163
67,164
68,164
69,164
70,165
71,165
72,166
73,166
74,166
75,167
76,167
77,167
78,168
79,168
80,169
81,169
82,169
83,170
84,170
85,171
86,171
87,171
88,172
89,172
90,172
91,173
92,173
93,174
94,174
95,174
96,175
97,175
98,176
99,176
100,177
101,177
102,178
103,178
104,179
105,179
106,180
107,180
108,181
109,181
110,182
111,182
112,183
113,183
114,184
115,184
116,185
117,185
27,150
28,151
29,151
30,152
31,152
32,153
33,153
34,154
35,154
36,155
37,155
38,156
39,156
40,157
41,157
42,158
43,158
44,159
45,159
46,160
47,160
48,161
49,161
50,162
51,162
52,163
53,163
54,164
55,164
56,165
57,165
58,166
59,166
60,167
61,167
62,168
63,168
64,169
65,169
66,170
67,170
68,171
69,171
70,172
71,172
72,173
73,173
74,174
75,174
76,175
77,175
78,176
79,176
80,177
81,177
82,178
83,178
84,179
85,179
86,180
87,180
88,181
89,181
90,182
91,183
92,184
93,184
94,185
95,186
96,187
97,188
98,189
99,189
100,190
101,191
102,192
103,193
104,194
105,194
106,195
107,196
108,197
109,198
110,199
111,199
112,200
113,201
114,202
22,166
23,166
24,166
25,167
26,167
27,168
28,168
29,168
30,169
31,169
32,169
33,170
34,170
35,171
36,171
37,171
38,172
39,172
40,173
41,173
42,173
43,174
44,174
45,174
46,175
47,175
48,176
49,176
50,176
51,177
52,177
53,177
54,178
55,178
56,179
57,179
58,179
59,180
60,180
61,181
62,181
63,181
64,182
65,182
66,182
67,183
68,183
69,184
70,184
71,184
72,185
73,185
74,185
75,186
76,186
77,187
78,187
79,187
80,188
81,188
82,188
83,189
84,189
85,190
86,190
87,190
88,191
89,191
90,192
91,192
92,193
93,193
94,194
95,194
96,195
97,195
98,196
99,196
100,197
101,197
102,198
103,198
104,199
105,199
106,200
107,200
108,201
109,201
110,202
111,202
112,203
113,203
21,167
22,168
23,168
24,169
25,169
26,170
27,170
28,171
29,171
30,172
31,172
32,173
33,173
34,174
35,174
36,175
37,175
38,176
39,176
40,177
41,177
42,178
43,178
44,179
45,179
46,180
47,180
48,181
49,181
50,182
51,182
52,183
53,183
54,184
55,184
56,185
57,185
58,186
59,186
60,187
61,187
62,188
63,188
64,189
65,189
66,190
67,190
68,191
69,191
70,192
71,192
72,193
73,193
74,194
75,194
76,195
77,195
78,196
79,196
80,197
81,197
82,198
83,199
84,200
85,200
86,201
87,202
88,203
89,204
90,204
91,205
92,206
93,207
94,208
95,208
96,209
97,210
98,211
99,211
100,212
101,213
102,214
103,215
104,215
105,216
106,217
107,218
108,219
20,185
21,185
22,185
23,186
24,186
25,187
26,187
27,187
28,188
29,188
30,188
31,189
32,189
33,190
34,190
35,190
36,191
37,191
38,191
39,192
40,192
41,192
42,193
43,193
44,194
45,194
46,194
47,195
48,195
49,195
50,196
51,196
52,196
53,197
54,197
55,198
56,198
57,198
58,199
59,199
60,199
61,200
62,200
63,201
64,201
65,201
66,202
67,202
68,202
69,203
70,203
71,203
72,204
73,204
74,205
75,205
76,205
77,206
78,206
79,206
80,207
81,207
82,208
83,208
84,209
85,209
86,210
87,210
88,211
89,211
90,212
91,212
92,213
93,213
94,214
95,214
96,215
97,215
98,216
99,216
100,217
101,217
102,218
103,218
104,219
105,219
106,220
107,220
19,186
20,187
21,187
22,188
23,188
24,189
25,189
26,190
27,190
28,191
29,191
30,192
31,192
32,193
33,193
34,194
35,194
36,195
37,195
38,196
39,196
40,197
41,197
42,198
43,198
44,199
45,199
46,200
47,200
48,201
49,201
50,202
51,202
52,203
53,203
54,204
55,204
56,205
57,205
58,206
59,206
60,207
61,207
62,208
63,208
64,209
65,209
66,210
67,210
68,211
69,211
70,212
71,212
72,213
73,213
74,214
75,215
76,216
77,217
78,217
79,218
80,219
81,220
82,221
83,222
84,222
85,223
86,224
87,225
88,226
89,227
18,229
19,228
20,228
21,228
22,228
23,228
24,228
25,228
26,228
27,227
28,227
29,227
30,227
31,227
32,227
33,227
34,227
35,226
36,226
37,226
38,226
39,226
40,226
41,226
42,226
43,225
44,225
45,225
46,225
47,225
48,225
49,225
50,225
51,224
52,224
53,224
54,224
55,224
56,224
57,224
58,224
59,223
60,223
61,223
62,223
63,223
64,223
65,223
66,223
67,222
68,222
69,222
70,222
71,222
72,222
73,223
74,223
75,223
76,224
77,224
78,225
79,225
80,225
81,226
82,226
83,226
84,227
85,227
86,227
87,228
88,228
18,229
19,230
20,230
21,230
22,230
23,230
24,230
25,230
26,230
27,230
28,230
29,230
30,230
31,230
32,230
33,230
34,230
35,230
36,230
37,230
38,230
39,230
40,230
41,230
42,230
43,230
44,230
45,230
46,230
47,230
48,230
49,230
50,230
51,230
52,230
53,230
54,230
55,230
56,230
57,230
58,230
59,230
60,230
61,230
62,230
63,230
64,230
65,230
66,230
67,230
68,230
69,230
70,230
71,231
71,232
71,233
71,234
71,235
71,236
71,237
70,238
69,238
68,238
67,238
66,239
65,239
64,239
63,239
62,239
61,239
60,239
59,239
58,240
57,240
56,240
55,240
54,240
53,240
52,240
51,240
50,241
49,241
48,241
47,241
46,241
45,241
44,241
43,241
42,242
41,242
40,242
39,242
38,242
37,242
36,242
35,242
34,243
33,243
32,243
31,243
30,243
29,243
28,243
27,243
26,244
25,244
24,244
23,244
22,244
21,244
20,244
19,244
18,245
18,245
19,246
20,246
21,246
22,246
23,246
24,246
25,246
26,246
27,246
28,246
29,246
30,246
31,246
32,246
33,246
34,246
35,246
36,246
37,246
38,246
39,246
40,246
41,246
42,246
43,246
44,246
45,246
46,246
47,246
48,246
49,246
50,246
51,246
52,246
53,246
54,246
55,246
56,246
57,246
58,246
59,246
60,246
61,246
62,246
63,246
64,246
65,246
66,246
67,246
68,246
69,246
70,246
71,247
71,248
71,249
71,250
72,251
72,252
72,253
71,254
70,254
69,254
68,254
67,255
66,255
65,255
64,255
63,255
62,255
61,255
60,255
59,256
58,256
57,256
56,256
55,256
54,256
53,256
52,256
51,257
50,257
49,257
48,257
47,257
46,257
45,257
44,257
43,258
42,258
41,258
40,258
39,258
38,258
37,258
36,258
35,259
34,259
33,259
32,259
31,259
30,259
29,259
28,259
27,260
26,260
25,260
24,260
23,260
22,260
21,260
20,260
19,261
19,261
20,262
21,262
22,262
23,262
24,262
25,262
26,262
27,262
28,262
29,262
30,262
31,262
32,262
33,262
34,262
35,262
36,262
37,262
38,262
39,262
40,262
41,262
42,262
43,262
44,262
45,262
46,262
47,262
48,262
49,262
50,262
51,262
52,262
53,262
54,262
55,262
56,262
57,262
58,262
59,262
60,262
61,262
62,262
63,262
64,262
65,262
66,262
67,262
68,262
69,262
70,262
71,262
72,262
73,262
74,261
75,261
76,261
77,260
78,260
79,260
80,259
81,259
82,259
83,258
84,258
85,258
86,258
87,257
88,257
89,257
90,256
91,256
20,277
21,276
22,276
23,276
24,276
25,276
26,276
27,276
28,276
29,276
30,275
31,275
32,275
33,275
34,275
35,275
36,275
37,275
38,275
39,274
40,274
41,274
42,274
43,274
44,274
45,274
46,274
47,274
48,274
49,273
50,273
51,273
52,273
53,273
54,273
55,273
56,273
57,273
58,272
59,272
60,272
61,272
62,272
63,272
64,272
65,272
66,272
67,271
68,271
69,271
70,271
71,271
72,271
73,271
74,271
75,271
76,270
77,270
78,270
79,270
80,270
81,269
82,268
83,267
84,266
85,265
86,264
87,263
87,262
88,261
89,260
90,259
91,258
92,257
7,278
8,278
9,278
10,278
11,278
12,278
13,277
14,277
15,277
16,277
17,277
18,277
19,277
20,277
7,278
8,278
9,278
10,278
11,278
12,278
13,277
14,277
15,277
16,277
17,277
18,277
19,277
20,277
20,277
21,278
22,278
23,278
24,278
25,278
26,278
27,278
28,278
29,278
30,278
31,278
32,278
33,278
34,278
35,278
36,278
37,278
38,278
39,278
40,278
41,278
42,278
43,278
44,278
45,278
46,278
47,278
48,278
49,278
50,278
51,278
52,278
53,278
54,278
55,278
56,278
57,278
58,278
59,278
60,278
61,278
62,278
63,278
64,278
65,278
66,278
67,278
68,278
69,278
70,278
71,278
72,278
73,278
74,278
75,278
76,278
77,278
78,278
79,278
80,279
80,280
81,281
81,282
81,283
81,284
82,285
81,286
80,287
79,287
78,288
77,288
76,289
75,289
74,290
73,290
72,291
71,291
70,292
69,292
68,293
67,293
66,294
65,294
64,295
63,295
62,296
61,296
60,297
59,297
58,298
57,298
56,299
55,299
54,300
53,300
52,301
51,301
50,302
49,302
48,303
47,303
46,304
45,304
44,305
43,305
42,306
41,306
40,307
39,307
38,308
37,308
36,309
35,309
34,310
33,310
32,311
31,311
30,312
29,312
28,313
27,315
28,315
29,314
25,316
26,316
27,315
11,321
12,321
13,320
14,320
15,319
16,319
17,318
18,318
19,318
20,317
21,317
11,321
12,321
13,320
14,320
15,319
16,319
17,318
18,318
19,318
20,317
21,317
25,316
26,316
27,315
27,315
28,315
29,314
29,314
30,314
31,314
32,313
33,313
34,313
35,312
36,312
37,312
38,311
39,311
40,310
41,310
42,310
43,309
44,309
45,309
46,308
47,308
48,307
49,307
50,307
51,306
52,306
53,306
54,305
55,305
56,305
57,304
58,304
59,303
60,303
61,303
62,302
63,302
64,302
65,301
66,301
67,301
68,300
69,300
70,299
71,299
72,299
73,298
74,298
75,298
76,297
77,297
78,297
79,296
80,296
81,295
82,295
83,295
84,294
85,294
86,293
87,292
88,291
89,290
90,289
91,288
92,287
93,286
93,285
94,284
95,283
96,282
97,281
98,280
99,279
100,278
101,277
102,276
103,275
104,274
105,273
106,272
107,271
108,270
108,269
109,268
110,267
113,264
114,263
115,262
113,264
114,263
115,262
93,299
94,298
94,297
95,296
95,295
96,294
97,293
97,292
98,291
98,290
99,289
100,288
100,287
101,286
101,285
102,284
103,283
103,282
104,281
104,280
105,279
105,278
106,277
107,276
107,275
108,274
108,273
109,272
110,271
110,270
111,269
111,268
93,299
94,298
94,297
95,296
95,295
96,294
97,293
97,292
98,291
98,290
99,289
100,288
100,287
101,286
101,285
102,284
103,283
103,282
104,281
104,280
105,279
105,278
106,277
107,276
107,275
108,274
108,273
109,272
110,271
110,270
111,269
111,268
29,314
30,314
31,314
32,313
33,313
34,313
35,312
36,312
37,312
38,311
39,311
40,310
41,310
42,310
43,309
44,309
45,309
46,308
47,308
48,307
49,307
50,307
51,306
52,306
53,306
54,305
55,305
56,305
57,304
58,304
59,303
60,303
61,303
62,302
63,302
64,302
65,301
66,301
67,301
68,300
69,300
70,299
71,299
72,299
73,298
74,298
75,298
76,297
77,297
78,297
79,296
80,296
81,295
82,295
83,295
84,294
85,294
86,293
87,292
88,291
89,290
90,289
91,288
92,287
93,286
93,285
94,284
95,283
96,282
97,281
98,280
99,279
100,278
101,277
102,276
103,275
104,274
105,273
106,272
107,271
108,270
108,269
109,268
110,267
20,277
21,278
22,278
23,278
24,278
25,278
26,278
27,278
28,278
29,278
30,278
31,278
32,278
33,278
34,278
35,278
36,278
37,278
38,278
39,278
40,278
41,278
42,278
43,278
44,278
45,278
46,278
47,278
48,278
49,278
50,278
51,278
52,278
53,278
54,278
55,278
56,278
57,278
58,278
59,278
60,278
61,278
62,278
63,278
64,278
65,278
66,278
67,278
68,278
69,278
70,278
71,278
72,278
73,278
74,278
75,278
76,278
77,278
78,278
79,278
80,279
80,280
81,281
81,282
81,283
81,284
82,285
81,286
80,287
79,287
78,288
77,288
76,289
75,289
74,290
73,290
72,291
71,291
70,292
69,292
68,293
67,293
66,294
65,294
64,295
63,295
62,296
61,296
60,297
59,297
58,298
57,298
56,299
55,299
54,300
53,300
52,301
51,301
50,302
49,302
48,303
47,303
46,304
45,304
44,305
43,305
42,306
41,306
40,307
39,307
38,308
37,308
36,309
35,309
34,310
33,310
32,311
31,311
30,312
29,312
28,313
20,277
21,276
22,276
23,276
24,276
25,276
26,276
27,276
28,276
29,276
30,275
31,275
32,275
33,275
34,275
35,275
36,275
37,275
38,275
39,274
40,274
41,274
42,274
43,274
44,274
45,274
46,274
47,274
48,274
49,273
50,273
51,273
52,273
53,273
54,273
55,273
56,273
57,273
58,272
59,272
60,272
61,272
62,272
63,272
64,272
65,272
66,272
67,271
68,271
69,271
70,271
71,271
72,271
73,271
74,271
75,271
76,270
77,270
78,270
79,270
80,270
81,269
82,268
83,267
84,266
85,265
86,264
87,263
87,262
88,261
89,260
90,259
91,258
92,257
19,261
20,262
21,262
22,262
23,262
24,262
25,262
26,262
27,262
28,262
29,262
30,262
31,262
32,262
33,262
34,262
35,262
36,262
37,262
38,262
39,262
40,262
41,262
42,262
43,262
44,262
45,262
46,262
47,262
48,262
49,262
50,262
51,262
52,262
53,262
54,262
55,262
56,262
57,262
58,262
59,262
60,262
61,262
62,262
63,262
64,262
65,262
66,262
67,262
68,262
69,262
70,262
71,262
72,262
73,262
74,261
75,261
76,261
77,260
78,260
79,260
80,259
81,259
82,259
83,258
84,258
85,258
86,258
87,257
88,257
89,257
90,256
91,256
7,262
8,262
9,262
10,262
11,262
12,262
13,261
14,261
15,261
16,261
17,261
18,261
19,261
7,262
8,262
9,262
10,262
11,262
12,262
13,261
14,261
15,261
16,261
17,261
18,261
19,261
18,245
19,246
20,246
21,246
22,246
23,246
24,246
25,246
26,246
27,246
28,246
29,246
30,246
31,246
32,246
33,246
34,246
35,246
36,246
37,246
38,246
39,246
40,246
41,246
42,246
43,246
44,246
45,246
46,246
47,246
48,246
49,246
50,246
51,246
52,246
53,246
54,246
55,246
56,246
57,246
58,246
59,246
60,246
61,246
62,246
63,246
64,246
65,246
66,246
67,246
68,246
69,246
70,246
71,247
71,248
71,249
71,250
72,251
72,252
72,253
71,254
70,254
69,254
68,254
67,255
66,255
65,255
64,255
63,255
62,255
61,255
60,255
59,256
58,256
57,256
56,256
55,256
54,256
53,256
52,256
51,257
50,257
49,257
48,257
47,257
46,257
45,257
44,257
43,258
42,258
41,258
40,258
39,258
38,258
37,258
36,258
35,259
34,259
33,259
32,259
31,259
30,259
29,259
28,259
27,260
26,260
25,260
24,260
23,260
22,260
21,260
20,260
19,261
7,246
8,246
9,246
10,246
11,246
12,245
13,245
14,245
15,245
16,245
17,245
18,245
7,246
8,246
9,246
10,246
11,246
12,245
13,245
14,245
15,245
16,245
17,245
18,245
18,229
19,230
20,230
21,230
22,230
23,230
24,230
25,230
26,230
27,230
28,230
29,230
30,230
31,230
32,230
33,230
34,230
35,230
36,230
37,230
38,230
39,230
40,230
41,230
42,230
43,230
44,230
45,230
46,230
47,230
48,230
49,230
50,230
51,230
52,230
53,230
54,230
55,230
56,230
57,230
58,230
59,230
60,230
61,230
62,230
63,230
64,230
65,230
66,230
67,230
68,230
69,230
70,230
71,231
71,232
71,233
71,234
71,235
71,236
71,237
70,238
69,238
68,238
67,238
66,239
65,239
64,239
63,239
62,239
61,239
60,239
59,239
58,240
57,240
56,240
55,240
54,240
53,240
52,240
51,240
50,241
49,241
48,241
47,241
46,241
45,241
44,241
43,241
42,242
41,242
40,242
39,242
38,242
37,242
36,242
35,242
34,243
33,243
32,243
31,243
30,243
29,243
28,243
27,243
26,244
25,244
24,244
23,244
22,244
21,244
20,244
19,244
18,245
7,230
8,230
9,230
10,230
11,230
12,229
13,229
14,229
15,229
16,229
17,229
18,229
7,230
8,230
9,230
10,230
11,230
12,229
13,229
14,229
15,229
16,229
17,229
18,229
18,229
19,228
20,228
21,228
22,228
23,228
24,228
25,228
26,228
27,227
28,227
29,227
30,227
31,227
32,227
33,227
34,227
35,226
36,226
37,226
38,226
39,226
40,226
41,226
42,226
43,225
44,225
45,225
46,225
47,225
48,225
49,225
50,225
51,224
52,224
53,224
54,224
55,224
56,224
57,224
58,224
59,223
60,223
61,223
62,223
63,223
64,223
65,223
66,223
67,222
68,222
69,222
70,222
71,222
72,222
73,223
74,223
75,223
76,224
77,224
78,225
79,225
80,225
81,226
82,226
83,226
84,227
85,227
86,227
87,228
88,228
88,228
89,229
90,229
91,228
90,227
89,227
19,186
20,187
21,187
22,188
23,188
24,189
25,189
26,190
27,190
28,191
29,191
30,192
31,192
32,193
33,193
34,194
35,194
36,195
37,195
38,196
39,196
40,197
41,197
42,198
43,198
44,199
45,199
46,200
47,200
48,201
49,201
50,202
51,202
52,203
53,203
54,204
55,204
56,205
57,205
58,206
59,206
60,207
61,207
62,208
63,208
64,209
65,209
66,210
67,210
68,211
69,211
70,212
71,212
72,213
73,213
74,214
75,215
76,216
77,217
78,217
79,218
80,219
81,220
82,221
83,222
84,222
85,223
86,224
87,225
88,226
89,227
18,184
19,184
20,185
7,180
8,180
9,181
10,181
11,182
12,182
13,183
14,183
7,180
8,180
9,181
10,181
11,182
12,182
13,183
14,183
18,184
19,184
20,185
20,185
21,185
22,185
23,186
24,186
25,187
26,187
27,187
28,188
29,188
30,188
31,189
32,189
33,190
34,190
35,190
36,191
37,191
38,191
39,192
40,192
41,192
42,193
43,193
44,194
45,194
46,194
47,195
48,195
49,195
50,196
51,196
52,196
53,197
54,197
55,198
56,198
57,198
58,199
59,199
60,199
61,200
62,200
63,201
64,201
65,201
66,202
67,202
68,202
69,203
70,203
71,203
72,204
73,204
74,205
75,205
76,205
77,206
78,206
79,206
80,207
81,207
82,208
83,208
84,209
85,209
86,210
87,210
88,211
89,211
90,212
91,212
92,213
93,213
94,214
95,214
96,215
97,215
98,216
99,216
100,217
101,217
102,218
103,218
104,219
105,219
106,220
107,220
108,219
109,219
110,220
112,222
113,223
114,223
115,224
116,225
112,222
113,223
114,223
115,224
116,225
108,219
109,219
110,220
21,167
22,168
23,168
24,169
25,169
26,170
27,170
28,171
29,171
30,172
31,172
32,173
33,173
34,174
35,174
36,175
37,175
38,176
39,176
40,177
41,177
42,178
43,178
44,179
45,179
46,180
47,180
48,181
49,181
50,182
51,182
52,183
53,183
54,184
55,184
56,185
57,185
58,186
59,186
60,187
61,187
62,188
63,188
64,189
65,189
66,190
67,190
68,191
69,191
70,192
71,192
72,193
73,193
74,194
75,194
76,195
77,195
78,196
79,196
80,197
81,197
82,198
83,199
84,200
85,200
86,201
87,202
88,203
89,204
90,204
91,205
92,206
93,207
94,208
95,208
96,209
97,210
98,211
99,211
100,212
101,213
102,214
103,215
104,215
105,216
106,217
107,218
108,219
20,165
21,165
22,166
7,160
8,160
9,161
10,161
11,162
12,162
13,163
14,163
7,160
8,160
9,161
10,161
11,162
12,162
13,163
14,163
20,165
21,165
22,166
22,166
23,166
24,166
25,167
26,167
27,168
28,168
29,168
30,169
31,169
32,169
33,170
34,170
35,171
36,171
37,171
38,172
39,172
40,173
41,173
42,173
43,174
44,174
45,174
46,175
47,175
48,176
49,176
50,176
51,177
52,177
53,177
54,178
55,178
56,179
57,179
58,179
59,180
60,180
61,181
62,181
63,181
64,182
65,182
66,182
67,183
68,183
69,184
70,184
71,184
72,185
73,185
74,185
75,186
76,186
77,187
78,187
79,187
80,188
81,188
82,188
83,189
84,189
85,190
86,190
87,190
88,191
89,191
90,192
91,192
92,193
93,193
94,194
95,194
96,195
97,195
98,196
99,196
100,197
101,197
102,198
103,198
104,199
105,199
106,200
107,200
108,201
109,201
110,202
111,202
112,203
113,203
116,204
117,205
118,205
119,206
120,207
116,204
117,205
118,205
119,206
120,207
27,150
28,151
29,151
30,152
31,152
32,153
33,153
34,154
35,154
36,155
37,155
38,156
39,156
40,157
41,157
42,158
43,158
44,159
45,159
46,160
47,160
48,161
49,161
50,162
51,162
52,163
53,163
54,164
55,164
56,165
57,165
58,166
59,166
60,167
61,167
62,168
63,168
64,169
65,169
66,170
67,170
68,171
69,171
70,172
71,172
72,173
73,173
74,174
75,174
76,175
77,175
78,176
79,176
80,177
81,177
82,178
83,178
84,179
85,179
86,180
87,180
88,181
89,181
90,182
91,183
92,184
93,184
94,185
95,186
96,187
97,188
98,189
99,189
100,190
101,191
102,192
103,193
104,194
105,194
106,195
107,196
108,197
109,198
110,199
111,199
112,200
113,201
114,202
26,148
27,148
28,149
8,141
9,141
10,142
11,142
12,143
13,143
14,143
15,144
16,144
17,145
18,145
19,146
20,146
8,141
9,141
10,142
11,142
12,143
13,143
14,143
15,144
16,144
17,145
18,145
19,146
20,146
26,148
27,148
28,149
28,149
29,149
30,149
31,150
32,150
33,151
34,151
35,151
36,152
37,152
38,153
39,153
40,153
41,154
42,154
43,154
44,155
45,155
46,156
47,156
48,156
49,157
50,157
51,157
52,158
53,158
54,159
55,159
56,159
57,160
58,160
59,161
60,161
61,161
62,162
63,162
64,162
65,163
66,163
67,164
68,164
69,164
70,165
71,165
72,166
73,166
74,166
75,167
76,167
77,167
78,168
79,168
80,169
81,169
82,169
83,170
84,170
85,171
86,171
87,171
88,172
89,172
90,172
91,173
92,173
93,174
94,174
95,174
96,175
97,175
98,176
99,176
100,177
101,177
102,178
103,178
104,179
105,179
106,180
107,180
108,181
109,181
110,182
111,182
112,183
113,183
114,184
115,184
116,185
117,185
122,187
123,188
124,189
122,187
123,188
124,189
29,131
30,132
31,132
32,133
33,133
34,134
35,134
36,135
37,135
38,136
39,136
40,137
41,137
42,138
43,138
44,139
45,139
46,140
47,140
48,141
49,141
50,142
51,142
52,143
53,143
54,144
55,144
56,145
57,145
58,146
59,146
60,147
61,147
62,148
63,148
64,149
65,149
66,150
67,150
68,151
69,151
70,152
71,152
72,153
73,153
74,154
75,154
76,155
77,155
78,156
79,156
80,157
81,157
82,158
83,158
84,159
85,159
86,160
87,160
88,161
89,161
90,162
91,162
92,163
93,163
94,164
95,164
96,165
97,165
98,166
99,167
100,168
101,169
102,170
103,170
104,171
105,172
106,173
107,174
108,175
109,176
110,177
111,177
112,178
113,179
114,180
115,181
116,182
117,183
118,184
28,129
29,129
30,130
26,128
27,128
28,129
8,121
9,121
10,122
11,122
12,123
13,123
14,123
15,124
16,124
17,125
18,125
19,126
20,126
21,127
22,127
8,121
9,121
10,122
11,122
12,123
13,123
14,123
15,124
16,124
17,125
18,125
19,126
20,126
21,127
22,127
26,128
27,128
28,129
28,129
29,129
30,130
30,130
31,130
32,130
33,131
34,131
35,132
36,132
37,132
38,133
39,133
40,134
41,134
42,134
43,135
44,135
45,136
46,136
47,136
48,137
49,137
50,138
51,138
52,138
53,139
54,139
55,139
56,140
57,140
58,141
59,141
60,141
61,142
62,142
63,143
64,143
65,143
66,144
67,144
68,145
69,145
70,145
71,146
72,146
73,147
74,147
75,147
76,148
77,148
78,149
79,149
80,149
81,150
82,150
83,151
84,151
85,151
86,152
87,152
88,152
89,153
90,153
91,154
92,154
93,154
94,155
95,155
96,156
97,156
98,156
99,157
100,157
101,158
102,158
103,158
104,159
105,159
106,160
107,160
108,161
109,161
110,162
111,162
112,163
113,163
114,164
115,164
116,165
117,165
118,166
119,166
120,167
121,167
122,168
123,168
126,169
127,170
128,171
126,169
127,170
128,171
31,112
32,113
33,113
34,114
35,114
36,115
37,115
38,116
39,116
40,117
41,117
42,118
43,118
44,119
45,119
46,120
47,120
48,121
49,121
50,122
51,122
52,123
53,123
54,124
55,124
56,125
57,125
58,126
59,126
60,127
61,127
62,128
63,128
64,129
65,129
66,130
67,130
68,131
69,131
70,132
71,132
72,133
73,133
74,134
75,134
76,135
77,135
78,136
79,136
80,137
81,137
82,138
83,138
84,139
85,139
86,140
87,140
88,141
89,141
90,142
91,142
92,143
93,143
94,144
95,144
96,145
97,145
98,146
99,146
100,147
101,147
102,148
103,148
104,149
105,149
106,150
107,151
108,152
109,153
110,154
111,155
112,156
113,157
114,158
115,159
116,160
117,160
118,161
119,162
120,163
121,164
122,165
123,166
124,167
30,110
31,110
32,111
28,109
29,109
30,110
8,101
9,101
10,102
11,102
12,103
13,103
14,103
15,104
16,104
17,105
18,105
19,106
20,106
21,107
22,107
8,101
9,101
10,102
11,102
12,103
13,103
14,103
15,104
16,104
17,105
18,105
19,106
20,106
21,107
22,107
28,109
29,109
30,110
30,110
31,110
32,111
32,111
33,111
34,111
35,112
36,112
37,113
38,113
39,113
40,114
41,114
42,115
43,115
44,115
45,116
46,116
47,117
48,117
49,117
50,118
51,118
52,119
53,119
54,119
55,120
56,120
57,121
58,121
59,121
60,122
61,122
62,123
63,123
64,124
65,124
66,124
67,125
68,125
69,126
70,126
71,126
72,127
73,127
74,128
75,128
76,128
77,129
78,129
79,130
80,130
81,130
82,131
83,131
84,132
85,132
86,132
87,133
88,133
89,134
90,134
91,134
92,135
93,135
94,136
95,136
96,136
97,137
98,137
99,138
100,138
101,138
102,139
103,139
104,140
105,140
106,140
107,141
108,141
109,142
110,142
111,142
112,143
113,143
114,144
115,144
116,145
117,145
118,146
119,146
120,147
121,147
122,148
123,148
124,149
125,149
126,150
127,150
130,151
131,152
132,153
130,151
131,152
132,153
33,93
34,94
35,94
36,95
37,95
38,96
39,96
40,97
41,97
42,98
43,98
44,99
45,99
46,100
47,100
48,101
49,101
50,102
51,102
52,103
53,103
54,104
55,104
56,105
57,105
58,106
59,106
60,107
61,107
62,108
63,108
64,109
65,109
66,110
67,110
68,111
69,111
70,112
71,112
72,113
73,113
74,114
75,114
76,115
77,115
78,116
79,116
80,117
81,117
82,118
83,118
84,119
85,119
86,120
87,120
88,121
89,121
90,122
91,122
92,123
93,123
94,124
95,124
96,125
97,125
98,126
99,126
100,127
101,127
102,128
103,128
104,129
105,129
106,130
107,130
108,131
109,131
110,132
111,132
112,133
113,133
114,134
115,135
116,136
117,137
118,138
119,139
120,140
121,141
122,142
123,143
123,144
124,145
125,146
126,147
127,148
128,149
32,91
33,91
34,92
30,90
31,90
32,91
8,81
9,81
10,82
11,82
12,83
13,83
14,83
15,84
16,84
17,85
18,85
19,86
20,86
21,87
22,87
23,88
24,88
8,81
9,81
10,82
11,82
12,83
13,83
14,83
15,84
16,84
17,85
18,85
19,86
20,86
21,87
22,87
23,88
24,88
30,90
31,90
32,91
32,91
33,91
34,92
34,92
35,92
36,92
37,93
38,93
39,94
40,94
41,94
42,95
43,95
44,96
45,96
46,97
47,97
48,97
49,98
50,98
51,99
52,99
53,99
54,100
55,100
56,101
57,101
58,101
59,102
60,102
61,103
62,103
63,103
64,104
65,104
66,105
67,105
68,106
69,106
70,106
71,107
72,107
73,108
74,108
75,108
76,109
77,109
78,110
79,110
80,110
81,111
82,111
83,112
84,112
85,112
86,113
87,113
88,114
89,114
90,115
91,115
92,115
93,116
94,116
95,117
96,117
97,117
98,118
99,118
100,119
101,119
102,119
103,120
104,120
105,121
106,121
107,121
108,122
109,122
110,123
111,123
112,124
113,124
114,124
115,125
116,125
117,126
118,126
119,125
119,124
120,123
121,122
122,121
122,120
123,119
122,118
122,117
121,116
121,115
120,114
120,113
119,112
119,111
118,110
118,109
117,108
117,107
116,106
116,105
115,104
115,103
114,102
114,101
113,100
113,99
112,98
112,97
111,96
111,95
110,94
110,93
109,92
109,91
108,90
108,89
107,88
107,87
106,86
106,85
105,84
105,83
104,82
104,81
103,80
103,79
102,78
102,77
101,76
101,75
100,74
100,73
99,72
99,71
98,70
98,69
97,68
97,67
96,66
96,65
95,64
95,63
94,62
94,61
93,60
93,59
92,58
92,57
91,56
91,55
90,54
90,53
89,52
89,51
88,50
88,49
87,48
87,47
86,46
86,45
85,44
85,43
84,42
84,41
83,40
83,39
82,38
82,37
81,36
81,35
80,34
80,33
79,32
79,31
79,28
80,29
80,30
78,26
79,27
79,28
69,11
69,12
70,13
70,14
71,15
72,16
72,17
73,18
73,19
74,20
69,11
69,12
70,13
70,14
71,15
72,16
72,17
73,18
73,19
74,20
78,26
79,27
79,28
79,28
80,29
80,30
80,30
81,31
82,32
82,33
83,34
83,35
84,36
84,37
85,38
86,39
86,40
87,41
87,42
88,43
89,44
89,45
90,46
90,47
91,48
92,49
92,50
93,51
93,52
94,53
95,54
95,55
96,56
96,57
97,58
98,59
98,60
99,61
99,62
100,63
101,64
101,65
102,66
102,67
103,68
104,69
104,70
105,71
105,72
106,73
107,74
107,75
108,76
108,77
109,78
110,79
110,80
111,81
111,82
112,83
113,84
113,85
114,86
114,87
115,88
115,89
116,90
117,91
117,92
118,93
118,94
119,95
120,96
120,97
121,98
121,99
122,100
123,101
123,102
124,103
124,104
125,105
126,106
126,107
127,108
127,109
128,110
129,111
129,112
130,113
130,114
131,115
131,116
132,117
132,118
133,119
133,120
134,121
134,122
135,123
135,124
136,125
136,126
137,127
137,128
138,129
110,33
110,34
110,35
111,36
111,37
112,38
112,39
112,40
113,41
113,42
113,43
114,44
114,45
115,46
115,47
115,48
116,49
116,50
116,51
117,52
117,53
118,54
118,55
118,56
119,57
119,58
119,59
120,60
120,61
121,62
121,63
121,64
122,65
122,66
122,67
123,68
123,69
124,70
124,71
124,72
125,73
125,74
125,75
126,76
126,77
127,78
127,79
127,80
128,81
128,82
128,83
129,84
129,85
130,86
130,87
130,88
131,89
131,90
131,91
132,92
132,93
133,94
133,95
133,96
134,97
134,98
134,99
135,100
135,101
136,102
136,103
136,104
137,105
137,106
137,107
138,108
138,109
139,110
139,111
139,112
139,113
139,114
139,115
139,116
139,117
139,118
139,119
139,120
139,121
139,122
139,123
139,124
139,125
139,126
139,127
139,128
110,30
111,31
111,32
108,25
109,26
109,27
101,10
101,11
102,12
102,13
103,14
103,15
103,16
104,17
104,18
105,19
105,20
106,21
106,22
101,10
101,11
102,12
102,13
103,14
103,15
103,16
104,17
104,18
105,19
105,20
106,21
106,22
108,25
109,26
109,27
110,30
111,31
111,32
111,32
112,33
112,34
113,35
113,36
114,37
114,38
115,39
115,40
116,41
116,42
116,43
117,44
117,45
118,46
118,47
119,48
119,49
120,50
120,51
121,52
121,53
122,54
122,55
123,56
123,57
124,58
124,59
124,60
125,61
125,62
126,63
126,64
127,65
127,66
128,67
128,68
129,69
129,70
130,71
130,72
131,73
131,74
132,75
132,76
132,77
133,78
133,79
134,80
134,81
135,82
135,83
136,84
136,85
137,86
137,87
138,88
138,89
139,90
139,91
139,92
140,93
140,94
141,95
141,96
142,97
142,98
143,99
143,100
144,101
144,102
145,103
145,104
146,105
146,106
147,107
147,108
148,109
149,109
150,110
151,110
152,111
153,112
154,112
155,113
156,114
157,115
158,116
159,116
160,117
161,118
162,119
163,120
164,121
165,122
166,122
167,123
168,124
169,125
169,125
170,124
170,123
171,122
172,121
172,120
173,119
173,118
174,117
175,116
176,115
176,114
177,113
178,112
179,111
179,110
180,109
181,108
182,107
183,106
184,105
185,104
186,103
187,102
188,102
189,101
190,100
191,99
192,98
193,97
194,96
163,44
164,45
165,46
166,47
167,48
167,49
168,50
169,51
170,52
171,53
172,54
173,55
174,56
175,57
175,58
176,59
177,60
178,61
179,62
180,63
181,64
182,65
183,66
183,67
184,68
185,69
186,70
187,71
188,72
189,73
190,74
190,75
191,76
192,77
193,78
194,79
195,80
196,81
197,82
198,83
198,84
199,85
200,86
201,87
202,88
201,89
200,90
199,91
198,92
197,93
196,94
195,95
156,36
157,37
158,38
159,39
160,40
156,36
157,37
158,38
159,39
160,40
164,43
165,43
166,44
167,45
168,46
169,47
170,48
171,48
172,49
173,50
174,51
175,52
176,53
177,53
178,54
179,55
180,56
181,57
182,58
183,58
184,59
185,60
186,61
187,62
188,63
189,63
190,64
191,65
192,66
193,67
194,68
195,68
196,69
197,70
198,71
199,72
200,73
201,73
202,74
203,75
204,76
205,77
206,78
207,78
208,79
209,80
210,81
211,80
212,80
213,79
214,79
215,78
216,78
217,77
217,76
217,75
216,74
216,73
215,72
215,71
214,70
214,69
213,68
213,67
212,66
212,65
211,64
211,63
210,62
210,61
209,60
209,59
208,58
208,57
207,56
207,55
206,54
206,53
205,52
205,51
204,50
204,49
203,48
203,47
202,46
202,45
201,44
201,43
200,42
200,41
199,40
199,39
198,38
198,37
197,36
197,35
196,34
196,33
195,32
195,31
194,30
194,29
193,28
193,27
192,26
192,25
191,24
191,23
192,22
193,23
194,24
194,25
195,26
196,27
196,28
197,29
198,30
198,31
199,32
200,33
200,34
201,35
202,36
202,37
203,38
204,39
204,40
205,41
205,42
206,43
207,44
207,45
208,46
209,47
209,48
210,49
211,50
211,51
212,52
213,53
213,54
214,55
215,56
215,57
216,58
217,59
217,60
218,61
219,62
219,63
220,64
221,65
221,66
222,67
223,68
223,69
224,70
225,71
225,72
226,73
226,74
227,75
227,76
228,77
228,78
229,79
210,21
210,22
211,23
211,24
212,25
212,26
213,27
213,28
214,29
214,30
215,31
215,32
216,33
216,34
217,35
217,36
218,37
218,38
219,39
219,40
220,41
220,42
221,43
221,44
222,45
222,46
223,47
223,48
224,49
224,50
225,51
225,52
226,53
226,54
227,55
227,56
228,57
228,58
229,59
229,60
230,61
230,62
231,63
231,64
232,65
232,66
233,67
233,68
234,69
234,70
233,71
233,72
232,73
232,74
231,75
231,76
230,77
230,78
229,79
205,11
205,12
206,13
207,14
207,15
208,16
205,11
205,12
206,13
207,14
207,15
208,16
211,20
212,21
213,22
213,23
214,24
215,25
215,26
216,27
217,28
217,29
218,30
219,31
219,32
220,33
221,34
221,35
222,36
223,37
223,38
224,39
225,40
226,41
226,42
227,43
228,44
228,45
229,46
230,47
230,48
231,49
232,50
232,51
233,52
234,53
234,54
235,55
236,56
237,57
237,58
238,59
239,60
239,61
240,62
241,63
241,64
242,65
242,66
243,67
243,68
244,69
244,70
245,71
245,72
246,73
230,21
230,22
231,23
231,24
232,25
232,26
233,27
233,28
234,29
234,30
235,31
235,32
236,33
236,34
237,35
237,36
238,37
238,38
239,39
239,40
240,41
240,42
241,43
241,44
242,45
242,46
243,47
243,48
244,49
244,50
245,51
245,52
246,53
246,54
247,55
247,56
248,57
248,58
249,59
249,60
250,61
250,62
250,63
249,64
249,65
249,66
249,67
249,68
248,69
248,70
248,71
248,72
247,73
230,18
231,19
231,20
225,11
225,12
226,13
227,14
225,11
225,12
226,13
227,14
230,18
231,19
231,20
231,20
232,21
233,22
234,23
234,24
235,25
236,26
236,27
237,28
238,29
239,30
239,31
240,32
241,33
241,34
242,35
243,36
244,37
244,38
245,39
246,40
247,41
247,42
248,43
249,44
249,45
250,46
251,47
252,48
252,49
253,50
254,51
254,52
255,53
256,54
257,55
257,56
258,57
258,58
259,59
259,60
260,61
260,62
261,63
261,64
262,65
262,66
263,67
263,68
264,69
258,20
258,21
258,22
258,23
259,24
259,25
259,26
259,27
260,28
260,29
260,30
260,31
261,32
261,33
261,34
261,35
262,36
262,37
262,38
262,39
263,40
263,41
263,42
263,43
264,44
264,45
264,46
264,47
265,48
265,49
265,50
265,51
266,52
266,53
266,54
266,55
266,56
266,57
266,58
266,59
266,60
266,61
266,62
265,63
265,64
265,65
265,66
265,67
265,68
258,17
259,18
259,19
255,10
255,11
256,12
256,13
256,14
257,15
257,16
255,10
255,11
256,12
256,13
256,14
257,15
257,16
258,17
259,18
259,19
259,19
260,20
260,21
261,22
261,23
261,24
262,25
262,26
263,27
263,28
264,29
264,30
265,31
265,32
266,33
266,34
267,35
267,36
268,37
268,38
268,39
269,40
269,41
270,42
270,43
271,44
271,45
272,46
272,47
273,48
273,49
274,50
274,51
274,52
274,53
274,54
274,55
274,56
274,57
274,58
274,59
274,60
274,61
274,62
274,63
274,64
274,66
274,67
274,68
274,66
274,67
274,68
275,65
276,64
276,63
277,62
277,61
278,60
278,59
279,58
279,57
280,56
280,55
281,54
281,53
282,52
282,51
282,50
282,49
282,48
282,47
282,46
282,45
282,44
282,43
282,42
282,41
282,40
282,39
282,38
282,37
282,36
282,35
282,34
282,33
282,32
282,31
282,30
282,29
282,28
282,27
282,26
282,25
282,24
282,23
282,22
282,21
282,20
282,19
282,18
282,17
282,16
282,7
282,8
282,9
282,10
282,11
282,12
282,13
282,14
282,7
282,8
282,9
282,10
282,11
282,12
282,13
282,14
283,15
284,16
284,17
284,18
284,19
284,20
285,21
285,22
285,23
285,24
285,25
285,26
286,27
286,28
286,29
286,30
286,31
287,32
287,33
287,34
287,35
287,36
287,37
288,38
288,39
288,40
288,41
288,42
289,43
289,44
289,45
289,46
289,47
289,48
290,49
290,50
290,51
290,52
289,53
289,54
288,55
288,56
287,57
287,58
287,59
286,60
286,61
285,62
284,65
284,64
285,63
284,65
284,64
285,63
286,63
287,63
288,62
289,61
290,60
291,59
292,59
293,58
294,57
295,56
296,56
297,55
298,54
299,53
299,52
300,51
300,50
301,49
301,48
302,47
303,47
304,48
304,49
304,50
304,51
304,52
305,53
305,54
305,55
305,56
306,57
306,58
306,59
307,60
308,61
309,62
310,63
311,64
312,65
313,66
314,67
314,68
315,69
315,70
316,71
316,72
316,73
317,74
317,75
317,76
318,77
318,78
319,79
319,80
286,63
287,63
288,62
289,61
290,60
291,59
292,59
293,58
294,57
295,56
296,56
297,55
298,54
299,53
299,52
300,51
300,50
301,49
301,48
302,47
303,47
304,48
304,49
304,50
304,51
304,52
305,53
305,54
305,55
305,56
306,57
306,58
306,59
307,60
308,61
309,62
310,63
311,64
312,65
313,66
314,67
314,68
315,69
315,70
316,71
316,72
316,73
317,74
317,75
317,76
318,77
318,78
319,79
319,80
283,15
284,16
284,17
284,18
284,19
284,20
285,21
285,22
285,23
285,24
285,25
285,26
286,27
286,28
286,29
286,30
286,31
287,32
287,33
287,34
287,35
287,36
287,37
288,38
288,39
288,40
288,41
288,42
289,43
289,44
289,45
289,46
289,47
289,48
290,49
290,50
290,51
290,52
289,53
289,54
288,55
288,56
287,57
287,58
287,59
286,60
286,61
285,62
275,65
276,64
276,63
277,62
277,61
278,60
278,59
279,58
279,57
280,56
280,55
281,54
281,53
282,52
282,51
282,50
282,49
282,48
282,47
282,46
282,45
282,44
282,43
282,42
282,41
282,40
282,39
282,38
282,37
282,36
282,35
282,34
282,33
282,32
282,31
282,30
282,29
282,28
282,27
282,26
282,25
282,24
282,23
282,22
282,21
282,20
282,19
282,18
282,17
282,16
259,19
260,20
260,21
261,22
261,23
261,24
262,25
262,26
263,27
263,28
264,29
264,30
265,31
265,32
266,33
266,34
267,35
267,36
268,37
268,38
268,39
269,40
269,41
270,42
270,43
271,44
271,45
272,46
272,47
273,48
273,49
274,50
274,51
274,52
274,53
274,54
274,55
274,56
274,57
274,58
274,59
274,60
274,61
274,62
274,63
274,64
258,20
258,21
258,22
258,23
259,24
259,25
259,26
259,27
260,28
260,29
260,30
260,31
261,32
261,33
261,34
261,35
262,36
262,37
262,38
262,39
263,40
263,41
263,42
263,43
264,44
264,45
264,46
264,47
265,48
265,49
265,50
265,51
266,52
266,53
266,54
266,55
266,56
266,57
266,58
266,59
266,60
266,61
266,62
265,63
265,64
265,65
265,66
265,67
265,68
231,20
232,21
233,22
234,23
234,24
235,25
236,26
236,27
237,28
238,29
239,30
239,31
240,32
241,33
241,34
242,35
243,36
244,37
244,38
245,39
246,40
247,41
247,42
248,43
249,44
249,45
250,46
251,47
252,48
252,49
253,50
254,51
254,52
255,53
256,54
257,55
257,56
258,57
258,58
259,59
259,60
260,61
260,62
261,63
261,64
262,65
262,66
263,67
263,68
264,69
230,21
230,22
231,23
231,24
232,25
232,26
233,27
233,28
234,29
234,30
235,31
235,32
236,33
236,34
237,35
237,36
238,37
238,38
239,39
239,40
240,41
240,42
241,43
241,44
242,45
242,46
243,47
243,48
244,49
244,50
245,51
245,52
246,53
246,54
247,55
247,56
248,57
248,58
249,59
249,60
250,61
250,62
250,63
249,64
249,65
249,66
249,67
249,68
248,69
248,70
248,71
248,72
247,73
211,20
212,21
213,22
213,23
214,24
215,25
215,26
216,27
217,28
217,29
218,30
219,31
219,32
220,33
221,34
221,35
222,36
223,37
223,38
224,39
225,40
226,41
226,42
227,43
228,44
228,45
229,46
230,47
230,48
231,49
232,50
232,51
233,52
234,53
234,54
235,55
236,56
237,57
237,58
238,59
239,60
239,61
240,62
241,63
241,64
242,65
242,66
243,67
243,68
244,69
244,70
245,71
245,72
246,73
210,21
210,22
211,23
211,24
212,25
212,26
213,27
213,28
214,29
214,30
215,31
215,32
216,33
216,34
217,35
217,36
218,37
218,38
219,39
219,40
220,41
220,42
221,43
221,44
222,45
222,46
223,47
223,48
224,49
224,50
225,51
225,52
226,53
226,54
227,55
227,56
228,57
228,58
229,59
229,60
230,61
230,62
231,63
231,64
232,65
232,66
233,67
233,68
234,69
234,70
233,71
233,72
232,73
232,74
231,75
231,76
230,77
230,78
229,79
192,22
193,23
194,24
194,25
195,26
196,27
196,28
197,29
198,30
198,31
199,32
200,33
200,34
201,35
202,36
202,37
203,38
204,39
204,40
205,41
205,42
206,43
207,44
207,45
208,46
209,47
209,48
210,49
211,50
211,51
212,52
213,53
213,54
214,55
215,56
215,57
216,58
217,59
217,60
218,61
219,62
219,63
220,64
221,65
221,66
222,67
223,68
223,69
224,70
225,71
225,72
226,73
226,74
227,75
227,76
228,77
228,78
229,79
191,20
192,21
192,22
185,11
185,12
186,13
187,14
187,15
188,16
185,11
185,12
186,13
187,14
187,15
188,16
191,20
192,21
192,22
164,43
165,43
166,44
167,45
168,46
169,47
170,48
171,48
172,49
173,50
174,51
175,52
176,53
177,53
178,54
179,55
180,56
181,57
182,58
183,58
184,59
185,60
186,61
187,62
188,63
189,63
190,64
191,65
192,66
193,67
194,68
195,68
196,69
197,70
198,71
199,72
200,73
201,73
202,74
203,75
204,76
205,77
206,78
207,78
208,79
209,80
210,81
211,80
212,80
213,79
214,79
215,78
216,78
217,77
217,76
217,75
216,74
216,73
215,72
215,71
214,70
214,69
213,68
213,67
212,66
212,65
211,64
211,63
210,62
210,61
209,60
209,59
208,58
208,57
207,56
207,55
206,54
206,53
205,52
205,51
204,50
204,49
203,48
203,47
202,46
202,45
201,44
201,43
200,42
200,41
199,40
199,39
198,38
198,37
197,36
197,35
196,34
196,33
195,32
195,31
194,30
194,29
193,28
193,27
192,26
192,25
191,24
191,23
163,44
164,45
165,46
166,47
167,48
167,49
168,50
169,51
170,52
171,53
172,54
173,55
174,56
175,57
175,58
176,59
177,60
178,61
179,62
180,63
181,64
182,65
183,66
183,67
184,68
185,69
186,70
187,71
188,72
189,73
190,74
190,75
191,76
192,77
193,78
194,79
195,80
196,81
197,82
198,83
198,84
199,85
200,86
201,87
202,88
201,89
200,90
199,91
198,92
197,93
196,94
195,95
196,96
197,96
198,96
199,97
200,97
201,97
202,97
203,97
204,97
205,97
206,97
207,97
208,97
209,97
210,98
210,99
210,100
210,101
210,102
210,103
210,104
210,105
210,106
211,107
212,106
213,105
213,104
214,103
215,102
215,101
216,100
217,99
217,98
218,97
219,97
220,97
221,97
222,97
223,97
224,97
225,97
226,98
226,99
226,100
226,101
226,102
226,103
226,104
226,105
226,106
226,107
226,108
226,109
227,110
228,109
228,108
229,107
229,106
230,105
230,104
231,103
231,102
232,101
232,100
233,99
233,98
234,97
234,96
234,95
234,94
234,93
234,92
234,91
235,90
236,91
237,92
238,93
239,94
240,95
241,96
242,97
242,98
242,99
242,100
242,101
242,102
242,103
242,104
242,105
242,106
242,107
242,108
242,109
242,110
242,111
242,112
242,113
242,115
242,116
242,117
242,115
242,116
242,117
243,114
244,113
244,112
244,111
245,110
245,109
246,108
246,107
246,106
247,105
247,104
248,103
248,102
248,101
249,100
249,99
250,98
250,97
250,96
250,95
250,94
250,93
250,92
250,91
250,90
250,89
251,88
252,89
253,90
254,91
254,92
255,93
256,94
257,95
257,96
258,97
258,98
258,99
258,100
258,101
258,102
258,103
258,104
258,105
258,106
258,107
258,108
258,109
258,110
258,111
258,112
258,113
258,114
258,115
258,116
259,117
260,116
260,115
260,114
261,113
261,112
261,111
262,110
262,109
262,108
263,107
263,106
263,105
264,104
264,103
264,102
265,101
265,100
265,99
266,98
266,97
266,96
266,95
266,94
266,93
266,92
266,91
266,90
266,89
266,88
266,87
266,86
266,85
267,84
268,85
268,86
269,87
269,88
270,89
270,90
271,91
271,92
272,93
272,94
273,95
273,96
274,97
275,97
276,97
277,97
278,97
279,97
280,97
281,97
282,97
283,97
267,84
268,85
268,86
269,87
269,88
270,89
270,90
271,91
271,92
272,93
272,94
273,95
273,96
274,97
275,97
276,97
277,97
278,97
279,97
280,97
281,97
282,97
283,97
259,117
260,116
260,115
260,114
261,113
261,112
261,111
262,110
262,109
262,108
263,107
263,106
263,105
264,104
264,103
264,102
265,101
265,100
265,99
266,98
266,97
266,96
266,95
266,94
266,93
266,92
266,91
266,90
266,89
266,88
266,87
266,86
266,85
258,118
258,119
258,120
258,121
258,118
258,119
258,120
258,121
251,88
252,89
253,90
254,91
254,92
255,93
256,94
257,95
257,96
258,97
258,98
258,99
258,100
258,101
258,102
258,103
258,104
258,105
258,106
258,107
258,108
258,109
258,110
258,111
258,112
258,113
258,114
258,115
258,116
243,114
244,113
244,112
244,111
245,110
245,109
246,108
246,107
246,106
247,105
247,104
248,103
248,102
248,101
249,100
249,99
250,98
250,97
250,96
250,95
250,94
250,93
250,92
250,91
250,90
250,89
227,110
228,109
228,108
229,107
229,106
230,105
230,104
231,103
231,102
232,101
232,100
233,99
233,98
234,97
234,96
234,95
234,94
234,93
234,92
234,91
235,90
236,91
237,92
238,93
239,94
240,95
241,96
242,97
242,98
242,99
242,100
242,101
242,102
242,103
242,104
242,105
242,106
242,107
242,108
242,109
242,110
242,111
242,112
242,113
211,107
212,106
213,105
213,104
214,103
215,102
215,101
216,100
217,99
217,98
218,97
219,97
220,97
221,97
222,97
223,97
224,97
225,97
226,98
226,99
226,100
226,101
226,102
226,103
226,104
226,105
226,106
226,107
226,108
226,109
196,96
197,96
198,96
199,97
200,97
201,97
202,97
203,97
204,97
205,97
206,97
207,97
208,97
209,97
210,98
210,99
210,100
210,101
210,102
210,103
210,104
210,105
210,106
169,125
170,124
170,123
171,122
172,121
172,120
173,119
173,118
174,117
175,116
176,115
176,114
177,113
178,112
179,111
179,110
180,109
181,108
182,107
183,106
184,105
185,104
186,103
187,102
188,102
189,101
190,100
191,99
192,98
193,97
194,96
152,141
153,140
154,139
155,138
156,137
157,136
158,135
159,134
160,134
161,133
162,132
163,131
164,130
165,129
166,128
167,127
168,126
169,125
153,142
154,142
155,142
156,141
157,141
158,140
159,140
160,140
161,139
162,139
163,138
164,138
165,138
166,137
167,137
168,137
169,136
170,136
171,135
172,135
173,135
174,134
175,134
176,133
178,133
179,133
180,133
181,133
182,133
183,133
184,133
185,133
186,133
187,133
188,133
189,133
190,133
191,133
192,133
193,133
194,133
195,133
196,133
197,133
198,133
199,133
200,133
201,133
202,132
202,131
202,130
202,129
202,128
202,127
202,126
202,125
202,124
199,143
200,142
201,141
202,140
203,139
204,139
205,138
206,137
207,136
208,135
209,134
210,133
209,132
209,131
208,130
207,129
207,128
206,127
205,126
205,125
204,124
203,123
199,143
198,144
199,145
200,144
200,144
201,144
202,144
203,144
204,144
205,143
206,143
207,143
208,143
209,143
210,143
211,142
212,142
213,142
214,142
215,142
216,141
217,141
218,141
219,140
220,139
221,138
222,137
223,136
224,135
225,134
225,133
226,132
227,131
228,130
229,129
229,129
230,128
231,129
230,130
211,163
212,162
213,161
214,160
215,159
216,158
217,157
218,157
219,156
220,155
221,154
222,153
223,152
224,151
225,150
226,149
226,148
226,147
227,146
227,145
227,144
227,143
228,142
228,141
228,140
228,139
229,138
229,137
229,136
229,135
229,134
230,133
230,132
230,131
230,130
211,163
210,164
211,165
212,164
212,164
213,164
214,164
215,164
216,164
217,164
218,163
219,163
220,163
221,163
222,163
223,162
224,162
225,162
226,162
227,162
228,162
229,161
230,161
231,161
232,161
233,161
234,161
235,160
236,160
238,160
239,160
240,160
241,160
242,160
243,160
244,160
245,160
246,159
246,158
246,157
246,156
246,155
246,154
246,153
246,152
246,151
246,150
246,149
246,148
246,147
246,146
246,145
246,144
246,143
246,142
246,141
246,140
247,139
248,140
248,141
248,142
249,143
249,144
249,145
250,146
250,147
250,148
250,149
251,150
251,151
251,152
252,153
252,154
252,155
253,156
253,157
253,158
254,159
255,160
256,160
257,160
258,160
259,160
260,160
261,160
262,160
263,161
264,161
265,162
266,163
267,164
268,164
269,165
270,166
271,167
272,167
273,168
263,172
264,172
265,172
266,171
267,171
268,171
269,170
270,170
271,170
272,170
273,169
262,173
263,174
264,174
265,174
266,174
267,175
268,175
269,175
270,175
271,176
272,176
273,176
274,176
275,177
276,177
277,178
278,179
278,180
279,181
279,182
280,183
280,184
280,185
279,186
278,186
277,187
276,187
275,188
274,188
273,188
272,189
271,189
270,190
269,190
268,191
269,192
270,192
271,192
272,192
273,192
274,192
275,192
276,193
277,193
278,193
279,193
280,193
281,193
282,193
283,193
284,193
285,193
286,192
287,192
288,191
289,191
290,190
291,190
292,189
293,189
294,188
295,188
296,187
297,187
298,186
299,186
300,185
301,185
302,184
303,184
304,183
305,183
275,208
276,207
277,207
278,206
279,206
280,205
281,205
282,204
283,204
284,203
285,203
286,202
287,202
288,201
289,201
290,200
291,199
292,198
293,197
294,196
295,195
296,194
297,193
298,192
299,191
300,190
301,189
302,188
303,187
304,186
305,185
306,184
276,209
277,209
278,209
279,209
280,209
281,209
282,209
283,209
284,209
285,209
286,209
287,209
288,209
289,209
290,209
291,209
292,209
293,209
294,209
295,208
296,208
297,208
298,208
299,207
300,207
301,207
302,207
303,206
304,206
305,206
306,206
307,205
308,205
278,217
279,217
280,217
281,217
282,217
283,217
284,217
285,217
286,217
287,217
288,217
289,217
290,217
291,217
292,217
293,217
294,217
295,217
296,216
297,215
298,215
299,214
300,213
301,212
302,212
303,211
304,210
305,209
306,209
307,208
308,207
309,206
277,218
278,219
279,219
280,219
281,220
282,220
283,220
284,221
285,221
286,222
287,222
288,222
289,223
290,223
291,223
292,224
293,224
294,225
295,225
296,225
297,225
298,226
299,226
300,226
301,226
302,227
303,227
304,227
305,227
306,228
307,228
308,228
309,228
310,229
311,229
312,230
277,229
278,229
279,229
280,230
281,230
282,230
283,230
284,231
285,231
286,231
287,231
288,232
289,232
290,232
291,232
292,233
293,233
294,233
295,233
296,233
297,232
298,232
299,232
300,232
301,232
302,232
303,232
304,231
305,231
306,231
307,231
308,231
309,231
310,231
311,231
312,230
276,230
277,231
278,232
279,232
280,233
281,234
282,234
283,235
284,236
285,237
286,237
287,238
288,239
289,240
290,240
291,241
292,241
293,241
294,241
295,240
296,240
297,240
298,240
299,240
300,240
301,240
302,239
303,239
304,239
305,239
306,239
307,239
308,239
287,265
288,264
288,263
289,262
289,261
290,260
290,259
291,258
291,257
291,256
291,255
291,254
292,253
292,252
292,251
292,250
292,249
293,248
294,248
295,247
296,247
297,246
298,246
299,245
300,245
301,244
302,244
303,243
304,243
305,242
306,242
307,241
308,241
309,240
257,275
258,274
259,274
260,274
261,274
262,273
263,273
264,273
265,273
266,272
267,272
268,272
269,271
270,270
271,269
272,269
273,268
274,267
275,266
276,266
277,266
278,266
279,266
280,266
281,266
282,266
283,266
284,266
285,266
286,266
255,285
256,284
257,284
258,283
259,282
260,282
261,281
262,281
263,280
262,279
261,279
260,278
259,277
258,277
257,276
