287,266
286,266
285,266
284,266
283,266
282,266
281,266
280,266
279,266
278,266
277,266
276,266
275,266
275,266
274,267
273,268
272,269
271,269
270,270
269,271
268,272
268,272
267,272
266,272
265,273
264,273
263,273
262,273
261,274
260,274
259,274
258,274
257,275
256,275
255,275
255,275
256,276
257,276
258,277
259,277
260,278
261,279
262,279
263,280
263,280
262,281
261,281
260,282
259,283
258,283
257,284
256,284
255,285
292,307
292,306
293,305
293,304
293,303
294,302
294,301
294,300
295,299
295,298
295,298
296,297
297,296
298,295
299,294
300,293
300,292
301,291
302,290
303,289
304,288
304,288
303,288
302,288
301,289
300,289
299,289
298,289
297,289
296,290
295,290
294,290
294,290
293,289
292,289
291,288
290,287
289,286
288,286
287,285
286,284
285,284
284,283
284,283
285,283
286,283
287,283
288,283
289,282
290,282
291,282
292,282
292,282
293,281
294,281
295,280
296,279
297,279
298,278
299,277
300,277
301,276
302,275
303,275
304,274
304,274
303,274
302,274
301,274
300,274
299,274
298,274
297,274
296,274
295,274
294,274
293,274
292,274
292,274
291,273
291,272
290,271
289,270
289,269
288,268
288,267
287,266
292,307
292,306
293,305
293,304
293,303
294,302
294,301
294,300
295,299
295,298
295,298
296,297
297,296
298,295
299,294
300,293
300,292
301,291
302,290
303,289
304,288
304,288
303,288
302,288
301,289
300,289
299,289
298,289
297,289
296,290
295,290
294,290
294,290
293,289
292,289
291,288
290,287
289,286
288,286
287,285
286,284
285,284
284,283
284,283
285,283
286,283
287,283
288,283
289,282
290,282
291,282
292,282
292,282
293,281
294,281
295,280
296,279
297,279
298,278
299,277
300,277
301,276
302,275
303,275
304,274
304,274
303,274
302,274
301,274
300,274
299,274
298,274
297,274
296,274
295,274
294,274
293,274
292,274
292,274
291,273
291,272
290,271
289,270
289,269
288,268
288,267
287,266
287,266
287,265
288,264
288,263
289,262
289,261
290,260
290,259
291,258
291,257
291,257
291,256
291,255
291,254
292,253
292,252
292,251
292,250
292,249
292,249
293,248
294,248
295,247
296,247
297,246
298,246
299,245
300,245
301,244
302,244
303,243
304,243
305,242
306,242
307,241
308,241
309,240
310,240
311,239
312,239
313,238
313,238
312,238
311,238
310,238
309,239
308,239
307,239
306,239
305,239
304,239
303,239
302,240
301,240
300,240
299,240
298,240
297,240
296,240
295,240
294,241
293,241
292,241
291,241
291,241
290,240
289,240
288,239
287,238
286,237
285,237
284,236
283,235
282,234
281,234
280,233
279,232
278,232
277,231
276,230
275,229
274,229
273,228
273,228
274,228
275,228
276,229
277,229
278,229
279,229
280,230
281,230
282,230
283,230
284,231
285,231
286,231
287,231
288,232
289,232
290,232
291,232
292,233
293,233
293,233
294,233
295,233
296,233
297,232
298,232
299,232
300,232
301,232
302,232
303,232
304,232
305,231
306,231
307,231
308,231
309,231
310,231
311,231
312,230
313,230
314,230
315,230
315,230
314,230
313,229
312,229
311,229
310,229
309,228
308,228
307,228
306,228
305,227
304,227
303,227
302,227
301,226
300,226
299,226
298,226
297,225
296,225
295,225
295,225
294,225
293,224
292,224
291,223
290,223
289,223
288,222
287,222
286,222
285,221
284,221
283,220
282,220
281,220
280,219
279,219
278,219
277,218
276,218
275,217
274,217
274,217
275,217
276,217
277,217
278,217
279,217
280,217
281,217
282,217
283,217
284,217
285,217
286,217
287,217
288,217
289,217
290,217
291,217
292,217
293,217
294,217
295,217
295,217
296,216
297,215
298,215
299,214
300,213
301,212
302,212
303,211
304,210
305,209
306,209
307,208
308,207
309,206
310,206
311,205
312,204
312,204
311,204
310,205
309,205
308,205
307,205
306,206
305,206
304,206
303,206
302,207
301,207
300,207
299,207
298,208
297,208
296,208
295,208
294,209
293,209
293,209
292,209
291,209
290,209
289,209
288,209
287,209
286,209
285,209
284,209
283,209
282,209
281,209
280,209
279,209
278,209
277,209
276,209
275,209
274,209
273,209
272,209
272,209
273,209
274,208
275,208
276,207
277,207
278,206
279,206
280,205
281,205
282,204
283,204
284,203
285,203
286,202
287,202
288,201
289,201
289,201
290,200
291,199
292,198
293,197
294,196
295,195
296,194
297,193
298,192
299,191
300,190
301,189
302,188
303,187
304,186
305,185
306,184
307,183
308,182
309,181
310,180
310,180
309,181
308,181
307,182
306,182
305,183
304,183
303,184
302,184
301,185
300,185
299,186
298,186
297,187
296,187
295,188
294,188
293,189
292,189
291,190
290,190
289,191
288,191
287,192
286,192
285,193
285,193
284,193
283,193
282,193
281,193
280,193
279,193
278,193
277,193
276,193
275,192
274,192
273,192
272,192
271,192
270,192
269,192
268,192
267,192
266,192
265,192
265,192
266,192
267,191
268,191
269,190
270,190
271,189
272,189
273,189
274,188
275,188
276,187
277,187
278,186
279,186
280,185
281,185
281,185
280,184
280,183
279,182
279,181
278,180
278,179
277,178
277,177
277,177
276,177
275,177
274,176
273,176
272,176
271,176
270,175
269,175
268,175
267,175
266,174
265,174
264,174
263,174
262,173
261,173
260,173
260,173
261,173
262,172
263,172
264,172
265,172
266,171
267,171
268,171
269,170
270,170
271,170
272,170
273,169
274,169
318,97
318,98
317,99
317,100
316,101
316,102
315,103
315,104
314,105
314,105
314,106
313,107
313,108
312,109
312,110
311,111
311,112
310,113
310,113
310,114
309,115
309,116
308,117
308,118
307,119
307,120
306,121
306,121
306,122
305,123
305,124
304,125
304,126
303,127
303,128
302,129
302,129
303,130
303,131
304,132
304,133
305,134
305,135
306,136
306,137
307,138
307,139
308,140
308,141
309,142
309,142
308,142
307,141
306,141
305,140
304,140
303,139
302,139
301,138
300,138
299,137
298,137
298,137
297,137
296,137
295,137
294,137
293,137
292,137
291,137
290,137
289,137
288,137
287,136
286,136
285,136
284,136
283,136
282,136
281,136
280,136
279,136
278,136
277,136
276,136
276,136
277,136
278,137
279,137
280,138
281,138
282,139
283,139
284,140
285,140
286,141
287,141
288,142
289,142
290,143
291,143
292,144
293,144
294,145
294,145
295,146
295,147
296,148
297,149
297,150
298,151
299,152
300,153
300,154
301,155
302,156
302,157
303,158
304,159
304,160
305,161
306,162
307,163
307,164
308,165
308,165
307,164
306,164
305,163
304,162
303,162
302,161
301,161
300,160
299,159
298,159
297,158
296,157
295,157
294,156
293,156
292,155
291,154
290,154
289,153
289,153
288,154
287,155
286,156
286,157
285,158
284,159
283,160
282,161
282,161
281,162
280,163
279,164
278,165
277,166
276,167
275,168
274,169
318,97
318,98
317,99
317,100
316,101
316,102
315,103
315,104
314,105
314,105
314,106
313,107
313,108
312,109
312,110
311,111
311,112
310,113
310,113
310,114
309,115
309,116
308,117
308,118
307,119
307,120
306,121
306,121
306,122
305,123
305,124
304,125
304,126
303,127
303,128
302,129
302,129
303,130
303,131
304,132
304,133
305,134
305,135
306,136
306,137
307,138
307,139
308,140
308,141
309,142
309,142
308,142
307,141
306,141
305,140
304,140
303,139
302,139
301,138
300,138
299,137
298,137
298,137
297,137
296,137
295,137
294,137
293,137
292,137
291,137
290,137
289,137
288,137
287,136
286,136
285,136
284,136
283,136
282,136
281,136
280,136
279,136
278,136
277,136
276,136
276,136
277,136
278,137
279,137
280,138
281,138
282,139
283,139
284,140
285,140
286,141
287,141
288,142
289,142
290,143
291,143
292,144
293,144
294,145
294,145
295,146
295,147
296,148
297,149
297,150
298,151
299,152
300,153
300,154
301,155
302,156
302,157
303,158
304,159
304,160
305,161
306,162
307,163
307,164
308,165
308,165
307,164
306,164
305,163
304,162
303,162
302,161
301,161
300,160
299,159
298,159
297,158
296,157
295,157
294,156
293,156
292,155
291,154
290,154
289,153
289,153
288,154
287,155
286,156
286,157
285,158
284,159
283,160
282,161
282,161
281,162
280,163
279,164
278,165
277,166
276,167
275,168
274,169
274,169
273,168
272,167
271,167
270,166
269,165
268,164
267,164
266,163
265,162
264,161
263,161
262,160
262,160
261,160
260,160
259,160
258,160
257,160
256,160
255,160
254,160
254,160
254,159
253,158
253,157
253,156
252,155
252,154
252,153
251,152
251,151
251,150
250,149
250,148
250,147
250,146
249,145
249,144
249,143
248,142
248,141
248,140
247,139
247,138
247,137
246,136
246,135
246,135
246,136
246,137
246,138
246,139
246,140
246,141
246,142
246,143
246,144
246,145
246,146
246,147
246,148
246,149
246,150
246,151
246,152
246,153
246,154
246,155
246,156
246,157
246,158
246,159
246,160
246,160
245,160
244,160
243,160
242,160
241,160
240,160
239,160
238,160
237,161
237,162
237,163
237,164
237,165
237,166
237,167
237,168
237,168
237,169
237,170
237,171
237,172
237,173
237,174
237,175
237,176
237,176
236,176
235,177
234,177
233,177
232,178
231,178
230,178
229,179
228,179
227,179
226,180
225,180
224,180
223,181
222,181
221,181
220,182
219,182
218,182
217,183
216,183
215,183
214,184
213,184
213,184
214,184
215,184
216,184
217,184
218,184
219,184
220,184
221,184
222,184
223,184
224,184
225,184
226,184
227,184
228,184
229,184
230,184
231,184
232,184
233,184
234,184
235,184
236,184
237,184
237,184
238,185
239,185
240,186
241,186
242,187
243,187
244,188
245,189
246,189
247,190
248,190
249,191
250,191
251,192
251,192
250,192
249,192
248,192
247,192
246,192
245,192
244,192
243,192
242,192
241,192
240,192
239,192
238,192
237,192
237,192
236,192
235,193
234,193
233,193
232,194
231,194
230,194
229,195
228,195
227,195
226,196
225,196
224,196
223,197
222,197
221,197
220,198
219,198
218,198
217,199
216,199
215,199
214,200
213,200
213,200
214,200
215,200
216,200
217,200
218,200
219,200
220,200
221,200
222,200
223,200
224,200
225,200
226,200
227,200
228,200
229,200
230,200
231,200
232,200
233,200
234,200
235,200
236,200
237,200
237,200
238,200
239,201
240,201
241,202
242,202
243,203
244,203
245,204
246,204
247,205
248,205
249,206
250,206
251,207
252,207
253,208
254,208
254,208
253,208
252,208
251,208
250,208
249,208
248,208
247,208
246,208
245,208
244,208
243,208
242,208
241,208
240,208
239,208
238,208
237,208
237,208
236,209
235,209
234,210
233,210
232,211
231,212
230,212
229,213
228,213
227,214
226,215
225,215
224,216
223,216
222,217
222,217
223,217
224,217
225,217
226,217
227,217
228,217
229,217
230,217
231,216
232,216
233,216
234,216
235,216
236,216
237,216
238,216
238,216
239,217
239,218
240,219
240,220
241,221
241,222
242,223
243,224
243,225
244,226
244,227
245,228
245,229
246,230
246,230
245,229
244,229
243,228
242,228
241,227
240,227
239,226
238,226
237,225
236,225
235,224
234,224
237,161
237,162
237,163
237,164
237,165
237,166
237,167
237,168
237,168
237,169
237,170
237,171
237,172
237,173
237,174
237,175
237,176
237,176
236,176
235,177
234,177
233,177
232,178
231,178
230,178
229,179
228,179
227,179
226,180
225,180
224,180
223,181
222,181
221,181
220,182
219,182
218,182
217,183
216,183
215,183
214,184
213,184
213,184
214,184
215,184
216,184
217,184
218,184
219,184
220,184
221,184
222,184
223,184
224,184
225,184
226,184
227,184
228,184
229,184
230,184
231,184
232,184
233,184
234,184
235,184
236,184
237,184
237,184
238,185
239,185
240,186
241,186
242,187
243,187
244,188
245,189
246,189
247,190
248,190
249,191
250,191
251,192
251,192
250,192
249,192
248,192
247,192
246,192
245,192
244,192
243,192
242,192
241,192
240,192
239,192
238,192
237,192
237,192
236,192
235,193
234,193
233,193
232,194
231,194
230,194
229,195
228,195
227,195
226,196
225,196
224,196
223,197
222,197
221,197
220,198
219,198
218,198
217,199
216,199
215,199
214,200
213,200
213,200
214,200
215,200
216,200
217,200
218,200
219,200
220,200
221,200
222,200
223,200
224,200
225,200
226,200
227,200
228,200
229,200
230,200
231,200
232,200
233,200
234,200
235,200
236,200
237,200
237,200
238,200
239,201
240,201
241,202
242,202
243,203
244,203
245,204
246,204
247,205
248,205
249,206
250,206
251,207
252,207
253,208
254,208
254,208
253,208
252,208
251,208
250,208
249,208
248,208
247,208
246,208
245,208
244,208
243,208
242,208
241,208
240,208
239,208
238,208
237,208
237,208
236,209
235,209
234,210
233,210
232,211
231,212
230,212
229,213
228,213
227,214
226,215
225,215
224,216
223,216
222,217
222,217
223,217
224,217
225,217
226,217
227,217
228,217
229,217
230,217
231,216
232,216
233,216
234,216
235,216
236,216
237,216
238,216
238,216
239,217
239,218
240,219
240,220
241,221
241,222
242,223
243,224
243,225
244,226
244,227
245,228
245,229
246,230
246,230
245,229
244,229
243,228
242,228
241,227
240,227
239,226
238,226
237,225
236,225
235,224
234,224
237,160
236,160
235,160
234,161
233,161
232,161
231,161
230,161
229,161
228,162
227,162
226,162
225,162
224,162
223,163
222,163
221,163
220,163
219,163
218,163
217,164
216,164
215,164
214,164
213,164
212,164
211,165
210,165
209,165
209,165
210,164
211,163
212,162
213,161
214,160
215,159
216,158
217,157
218,157
219,156
220,155
221,154
222,153
223,152
224,151
225,150
226,149
226,149
226,148
226,147
227,146
227,145
227,144
227,143
228,142
228,141
228,140
228,139
229,138
229,137
229,136
229,135
229,134
230,133
230,132
230,131
230,130
231,129
231,128
231,127
231,127
230,128
229,129
228,130
227,131
226,132
225,133
225,134
224,135
223,136
222,137
221,138
220,139
219,140
218,141
218,141
217,141
216,141
215,142
214,142
213,142
212,142
211,142
210,143
209,143
208,143
207,143
206,143
205,143
204,144
203,144
202,144
201,144
200,144
199,145
198,145
197,145
197,145
198,144
199,143
200,142
201,141
202,140
203,139
204,139
205,138
206,137
207,136
208,135
209,134
210,133
210,133
209,132
209,131
208,130
207,129
207,128
206,127
205,126
205,125
204,124
203,123
203,122
202,121
202,121
202,122
202,123
202,124
202,125
202,126
202,127
202,128
202,129
202,130
202,131
202,132
202,133
202,133
201,133
200,133
199,133
198,133
197,133
196,133
195,133
194,133
194,133
193,133
192,133
191,133
190,133
189,133
188,133
187,133
186,133
186,133
185,133
184,133
183,133
182,133
181,133
180,133
179,133
178,133
185,300
184,299
184,298
183,297
183,296
182,295
182,294
181,293
180,292
180,291
179,290
179,289
178,288
178,287
177,286
177,286
176,285
175,284
175,283
174,282
173,281
172,280
172,279
171,278
171,278
170,277
170,276
169,275
168,274
168,273
167,272
167,271
166,270
166,270
165,269
164,268
163,267
162,266
161,265
160,265
159,264
158,263
157,262
156,261
155,260
155,260
156,260
157,260
158,260
159,261
160,261
161,261
162,261
163,261
164,261
165,262
166,262
167,262
167,262
168,262
169,261
170,261
171,260
172,260
173,260
174,259
175,259
176,258
177,258
178,257
179,257
179,257
178,257
177,256
176,256
175,256
174,255
173,255
172,255
171,254
170,254
170,254
170,253
169,252
169,251
169,250
169,249
168,248
168,247
168,246
167,245
167,244
167,243
167,242
166,241
166,240
166,240
167,241
168,241
169,242
170,243
171,243
172,244
173,245
174,245
175,246
175,246
176,246
177,246
178,245
179,245
180,245
181,245
182,245
183,245
184,244
185,244
186,244
187,244
188,244
189,244
190,243
191,243
192,243
192,243
191,243
190,242
189,242
188,242
187,241
186,241
185,240
184,240
183,240
182,239
181,239
180,239
179,238
178,238
178,238
177,238
176,237
175,237
174,237
173,237
172,236
171,236
170,236
169,236
168,235
167,235
166,235
165,235
164,234
163,234
162,234
161,234
160,233
159,233
158,233
157,233
156,232
155,232
154,232
154,232
155,232
156,232
157,232
158,232
159,232
160,231
161,231
162,231
163,231
164,231
165,231
166,231
167,231
168,231
169,231
170,231
171,231
172,230
173,230
174,230
175,230
176,230
177,230
177,230
178,230
179,230
180,230
181,229
182,229
183,229
184,229
185,229
186,229
187,229
188,229
189,228
190,228
191,228
192,228
193,228
194,228
195,228
196,227
197,227
198,227
199,227
199,227
198,227
197,226
196,226
195,226
194,226
193,225
192,225
191,225
190,225
189,224
188,224
187,224
186,224
185,223
184,223
183,223
182,223
181,222
180,222
179,222
179,222
178,222
177,221
176,221
175,221
174,221
173,220
172,220
171,220
170,220
169,219
168,219
167,219
166,219
165,218
164,218
163,218
162,218
161,217
160,217
159,217
158,217
157,216
156,216
156,216
157,216
158,216
159,216
160,216
161,216
162,215
163,215
164,215
165,215
166,215
167,215
168,215
169,215
170,215
171,215
172,215
173,214
174,214
175,214
176,214
177,214
178,214
178,214
179,213
180,213
181,212
182,212
183,211
184,211
185,210
186,210
187,209
188,209
189,208
190,208
191,207
192,207
193,206
194,206
195,205
196,205
197,204
198,204
199,203
199,203
198,203
197,203
196,203
195,204
194,204
193,204
192,204
191,204
190,204
189,204
188,205
187,205
186,205
185,205
184,205
183,205
182,205
181,205
180,206
179,206
178,206
177,206
177,206
176,206
175,206
174,205
173,205
172,205
171,205
170,205
169,204
168,204
167,204
166,204
165,203
164,203
163,203
162,203
161,203
160,202
159,202
158,202
157,202
156,202
155,201
154,201
153,201
152,201
151,201
150,200
149,200
148,200
147,200
146,199
145,199
144,199
143,199
142,199
141,198
140,198
139,198
139,198
140,198
141,198
142,198
143,198
144,198
145,198
146,198
147,198
148,198
149,198
150,198
151,198
152,198
153,198
154,198
155,198
156,198
157,198
158,198
159,198
160,198
161,198
162,198
163,198
164,198
165,198
166,198
167,198
168,198
169,198
170,198
171,198
172,198
173,198
174,198
175,198
176,198
177,198
177,198
178,198
179,197
180,197
181,197
182,196
183,196
184,196
185,195
186,195
187,195
188,194
189,194
190,194
191,193
192,193
193,193
194,192
195,192
196,192
197,191
198,191
199,191
200,190
201,190
201,190
200,190
199,190
198,190
197,190
196,190
195,190
194,190
193,190
192,190
191,190
190,190
189,190
188,190
187,190
186,190
185,190
184,190
183,190
182,190
181,190
180,190
179,190
178,190
177,190
177,190
176,190
175,190
174,189
173,189
172,189
171,189
170,188
169,188
168,188
167,188
166,187
165,187
164,187
163,187
162,186
161,186
160,186
159,186
158,186
157,185
156,185
155,185
154,185
153,184
152,184
151,184
150,184
149,183
148,183
147,183
146,183
145,182
144,182
143,182
143,182
144,182
145,182
146,182
147,182
148,182
149,182
150,182
151,182
152,182
153,182
154,182
155,182
156,182
157,182
158,182
159,182
160,182
161,182
162,182
163,182
164,182
165,182
166,182
167,182
168,182
169,182
170,182
171,182
172,182
173,182
174,182
175,182
176,182
177,182
177,182
178,182
179,181
180,181
181,181
182,180
183,180
184,180
185,179
186,179
187,179
188,178
189,178
190,178
191,177
192,177
193,177
194,176
195,176
196,176
197,175
198,175
199,175
200,174
201,174
201,174
200,174
199,174
198,174
197,174
196,174
195,174
194,174
193,174
192,174
191,174
190,174
189,174
188,174
187,174
186,174
185,174
184,174
183,174
182,174
181,174
180,174
179,174
178,174
177,174
177,174
176,174
175,173
174,173
173,173
172,173
171,172
170,172
169,172
168,172
167,171
166,171
165,171
164,171
163,170
162,170
161,170
160,169
159,169
158,169
157,169
156,168
155,168
154,168
153,168
152,167
151,167
150,167
149,167
148,166
147,166
147,166
148,166
149,166
150,166
151,166
152,166
153,166
154,166
155,166
156,166
157,166
158,166
159,166
160,166
161,166
162,166
163,166
164,166
165,166
166,166
167,166
168,166
169,166
170,166
171,166
172,166
173,166
174,166
175,166
176,166
177,166
177,166
178,166
179,165
180,165
181,164
182,164
183,163
184,163
185,162
186,162
187,161
188,161
189,160
190,160
191,159
192,159
193,158
193,158
192,158
191,158
190,158
189,158
188,158
187,158
186,158
185,158
184,158
183,158
182,158
181,158
180,158
179,158
178,158
177,158
177,158
176,158
175,157
174,157
173,157
172,157
171,156
170,156
169,156
168,155
167,155
166,155
165,154
164,154
163,154
162,154
161,153
160,153
159,153
158,152
157,152
156,152
155,151
154,151
153,151
152,151
151,150
150,150
150,150
151,150
152,150
153,150
154,150
155,150
156,150
157,150
158,150
159,150
160,150
161,150
162,150
163,150
164,150
165,150
166,150
167,150
168,150
169,150
170,150
171,150
172,150
173,150
174,150
175,150
176,150
177,150
177,150
177,149
177,148
177,147
177,146
177,145
177,144
177,143
177,142
177,142
177,141
177,140
177,139
177,138
177,137
177,136
177,135
177,134
185,300
184,299
184,298
183,297
183,296
182,295
182,294
181,293
180,292
180,291
179,290
179,289
178,288
178,287
177,286
177,286
176,285
175,284
175,283
174,282
173,281
172,280
172,279
171,278
171,278
170,277
170,276
169,275
168,274
168,273
167,272
167,271
166,270
166,270
165,269
164,268
163,267
162,266
161,265
160,265
159,264
158,263
157,262
156,261
155,260
155,260
156,260
157,260
158,260
159,261
160,261
161,261
162,261
163,261
164,261
165,262
166,262
167,262
167,262
168,262
169,261
170,261
171,260
172,260
173,260
174,259
175,259
176,258
177,258
178,257
179,257
179,257
178,257
177,256
176,256
175,256
174,255
173,255
172,255
171,254
170,254
170,254
170,253
169,252
169,251
169,250
169,249
168,248
168,247
168,246
167,245
167,244
167,243
167,242
166,241
166,240
166,240
167,241
168,241
169,242
170,243
171,243
172,244
173,245
174,245
175,246
175,246
176,246
177,246
178,245
179,245
180,245
181,245
182,245
183,245
184,244
185,244
186,244
187,244
188,244
189,244
190,243
191,243
192,243
192,243
191,243
190,242
189,242
188,242
187,241
186,241
185,240
184,240
183,240
182,239
181,239
180,239
179,238
178,238
178,238
177,238
176,237
175,237
174,237
173,237
172,236
171,236
170,236
169,236
168,235
167,235
166,235
165,235
164,234
163,234
162,234
161,234
160,233
159,233
158,233
157,233
156,232
155,232
154,232
154,232
155,232
156,232
157,232
158,232
159,232
160,231
161,231
162,231
163,231
164,231
165,231
166,231
167,231
168,231
169,231
170,231
171,231
172,230
173,230
174,230
175,230
176,230
177,230
177,230
178,230
179,230
180,230
181,229
182,229
183,229
184,229
185,229
186,229
187,229
188,229
189,228
190,228
191,228
192,228
193,228
194,228
195,228
196,227
197,227
198,227
199,227
199,227
198,227
197,226
196,226
195,226
194,226
193,225
192,225
191,225
190,225
189,224
188,224
187,224
186,224
185,223
184,223
183,223
182,223
181,222
180,222
179,222
179,222
178,222
177,221
176,221
175,221
174,221
173,220
172,220
171,220
170,220
169,219
168,219
167,219
166,219
165,218
164,218
163,218
162,218
161,217
160,217
159,217
158,217
157,216
156,216
156,216
157,216
158,216
159,216
160,216
161,216
162,215
163,215
164,215
165,215
166,215
167,215
168,215
169,215
170,215
171,215
172,215
173,214
174,214
175,214
176,214
177,214
178,214
178,214
179,213
180,213
181,212
182,212
183,211
184,211
185,210
186,210
187,209
188,209
189,208
190,208
191,207
192,207
193,206
194,206
195,205
196,205
197,204
198,204
199,203
199,203
198,203
197,203
196,203
195,204
194,204
193,204
192,204
191,204
190,204
189,204
188,205
187,205
186,205
185,205
184,205
183,205
182,205
181,205
180,206
179,206
178,206
177,206
177,206
176,206
175,206
174,205
173,205
172,205
171,205
170,205
169,204
168,204
167,204
166,204
165,203
164,203
163,203
162,203
161,203
160,202
159,202
158,202
157,202
156,202
155,201
154,201
153,201
152,201
151,201
150,200
149,200
148,200
147,200
146,199
145,199
144,199
143,199
142,199
141,198
140,198
139,198
139,198
140,198
141,198
142,198
143,198
144,198
145,198
146,198
147,198
148,198
149,198
150,198
151,198
152,198
153,198
154,198
155,198
156,198
157,198
158,198
159,198
160,198
161,198
162,198
163,198
164,198
165,198
166,198
167,198
168,198
169,198
170,198
171,198
172,198
173,198
174,198
175,198
176,198
177,198
177,198
178,198
179,197
180,197
181,197
182,196
183,196
184,196
185,195
186,195
187,195
188,194
189,194
190,194
191,193
192,193
193,193
194,192
195,192
196,192
197,191
198,191
199,191
200,190
201,190
201,190
200,190
199,190
198,190
197,190
196,190
195,190
194,190
193,190
192,190
191,190
190,190
189,190
188,190
187,190
186,190
185,190
184,190
183,190
182,190
181,190
180,190
179,190
178,190
177,190
177,190
176,190
175,190
174,189
173,189
172,189
171,189
170,188
169,188
168,188
167,188
166,187
165,187
164,187
163,187
162,186
161,186
160,186
159,186
158,186
157,185
156,185
155,185
154,185
153,184
152,184
151,184
150,184
149,183
148,183
147,183
146,183
145,182
144,182
143,182
143,182
144,182
145,182
146,182
147,182
148,182
149,182
150,182
151,182
152,182
153,182
154,182
155,182
156,182
157,182
158,182
159,182
160,182
161,182
162,182
163,182
164,182
165,182
166,182
167,182
168,182
169,182
170,182
171,182
172,182
173,182
174,182
175,182
176,182
177,182
177,182
178,182
179,181
180,181
181,181
182,180
183,180
184,180
185,179
186,179
187,179
188,178
189,178
190,178
191,177
192,177
193,177
194,176
195,176
196,176
197,175
198,175
199,175
200,174
201,174
201,174
200,174
199,174
198,174
197,174
196,174
195,174
194,174
193,174
192,174
191,174
190,174
189,174
188,174
187,174
186,174
185,174
184,174
183,174
182,174
181,174
180,174
179,174
178,174
177,174
177,174
176,174
175,173
174,173
173,173
172,173
171,172
170,172
169,172
168,172
167,171
166,171
165,171
164,171
163,170
162,170
161,170
160,169
159,169
158,169
157,169
156,168
155,168
154,168
153,168
152,167
151,167
150,167
149,167
148,166
147,166
147,166
148,166
149,166
150,166
151,166
152,166
153,166
154,166
155,166
156,166
157,166
158,166
159,166
160,166
161,166
162,166
163,166
164,166
165,166
166,166
167,166
168,166
169,166
170,166
171,166
172,166
173,166
174,166
175,166
176,166
177,166
177,166
178,166
179,165
180,165
181,164
182,164
183,163
184,163
185,162
186,162
187,161
188,161
189,160
190,160
191,159
192,159
193,158
193,158
192,158
191,158
190,158
189,158
188,158
187,158
186,158
185,158
184,158
183,158
182,158
181,158
180,158
179,158
178,158
177,158
177,158
176,158
175,157
174,157
173,157
172,157
171,156
170,156
169,156
168,155
167,155
166,155
165,154
164,154
163,154
162,154
161,153
160,153
159,153
158,152
157,152
156,152
155,151
154,151
153,151
152,151
151,150
150,150
150,150
151,150
152,150
153,150
154,150
155,150
156,150
157,150
158,150
159,150
160,150
161,150
162,150
163,150
164,150
165,150
166,150
167,150
168,150
169,150
170,150
171,150
172,150
173,150
174,150
175,150
176,150
177,150
177,150
177,149
177,148
177,147
177,146
177,145
177,144
177,143
177,142
177,142
177,141
177,140
177,139
177,138
177,137
177,136
177,135
177,134
177,133
176,133
175,134
174,134
173,135
172,135
171,135
170,136
169,136
168,137
167,137
166,137
165,138
164,138
163,139
162,139
161,139
160,140
159,140
158,140
157,141
156,141
155,142
154,142
153,142
152,143
151,143
150,144
149,144
149,144
150,143
151,142
152,141
153,140
154,139
155,138
156,137
157,136
158,135
159,135
160,134
161,133
162,132
163,131
164,130
165,129
166,128
167,127
168,126
169,125
194,96
193,97
192,98
191,99
190,100
189,101
188,102
187,103
186,103
185,104
184,105
183,106
182,107
181,108
180,109
180,109
179,110
179,111
178,112
177,113
176,114
176,115
175,116
174,117
174,117
173,118
173,119
172,120
172,121
171,122
170,123
170,124
169,125
283,97
282,97
281,97
280,97
279,97
278,97
277,97
276,97
275,97
274,97
274,97
273,96
273,95
272,94
272,93
271,92
271,91
270,90
270,89
269,88
269,87
268,86
268,85
267,84
267,83
266,82
266,82
266,83
266,84
266,85
266,86
266,87
266,88
266,89
266,90
266,91
266,92
266,93
266,94
266,95
266,96
266,97
266,97
266,98
265,99
265,100
265,101
264,102
264,103
264,104
263,105
263,106
263,107
262,108
262,109
262,110
261,111
261,112
261,113
260,114
260,115
260,116
259,117
259,118
259,119
258,120
258,121
258,121
258,120
258,119
258,118
258,117
258,116
258,115
258,114
258,113
258,112
258,111
258,110
258,109
258,108
258,107
258,106
258,105
258,104
258,103
258,102
258,101
258,100
258,99
258,98
258,97
258,97
257,96
257,95
256,94
255,93
254,92
254,91
253,90
252,89
251,88
251,87
250,86
250,86
250,87
250,88
250,89
250,90
250,91
250,92
250,93
250,94
250,95
250,96
250,97
250,97
250,98
249,99
249,100
248,101
248,102
248,103
247,104
247,105
246,106
246,107
246,108
245,109
245,110
244,111
244,112
244,113
243,114
243,115
242,116
242,117
242,117
242,116
242,115
242,114
242,113
242,112
242,111
242,110
242,109
242,108
242,107
242,106
242,105
242,104
242,103
242,102
242,101
242,100
242,99
242,98
242,97
242,97
241,96
240,95
239,94
238,93
237,92
236,91
235,90
234,89
234,89
234,90
234,91
234,92
234,93
234,94
234,95
234,96
234,97
234,97
233,98
233,99
232,100
232,101
231,102
231,103
230,104
230,105
229,106
229,107
228,108
228,109
227,110
227,111
226,112
226,112
226,111
226,110
226,109
226,108
226,107
226,106
226,105
226,104
226,103
226,102
226,101
226,100
226,99
226,98
226,97
226,97
225,97
224,97
223,97
222,97
221,97
220,97
219,97
218,97
218,97
217,98
217,99
216,100
215,101
215,102
214,103
213,104
213,105
212,106
211,107
211,108
210,109
210,109
210,108
210,107
210,106
210,105
210,104
210,103
210,102
210,101
210,100
210,99
210,98
210,97
210,97
209,97
208,97
207,97
206,97
205,97
204,97
203,97
202,97
202,97
201,97
200,97
199,97
198,96
197,96
196,96
195,96
194,96
283,97
282,97
281,97
280,97
279,97
278,97
277,97
276,97
275,97
274,97
274,97
273,96
273,95
272,94
272,93
271,92
271,91
270,90
270,89
269,88
269,87
268,86
268,85
267,84
267,83
266,82
266,82
266,83
266,84
266,85
266,86
266,87
266,88
266,89
266,90
266,91
266,92
266,93
266,94
266,95
266,96
266,97
266,97
266,98
265,99
265,100
265,101
264,102
264,103
264,104
263,105
263,106
263,107
262,108
262,109
262,110
261,111
261,112
261,113
260,114
260,115
260,116
259,117
259,118
259,119
258,120
258,121
258,121
258,120
258,119
258,118
258,117
258,116
258,115
258,114
258,113
258,112
258,111
258,110
258,109
258,108
258,107
258,106
258,105
258,104
258,103
258,102
258,101
258,100
258,99
258,98
258,97
258,97
257,96
257,95
256,94
255,93
254,92
254,91
253,90
252,89
251,88
251,87
250,86
250,86
250,87
250,88
250,89
250,90
250,91
250,92
250,93
250,94
250,95
250,96
250,97
250,97
250,98
249,99
249,100
248,101
248,102
248,103
247,104
247,105
246,106
246,107
246,108
245,109
245,110
244,111
244,112
244,113
243,114
243,115
242,116
242,117
242,117
242,116
242,115
242,114
242,113
242,112
242,111
242,110
242,109
242,108
242,107
242,106
242,105
242,104
242,103
242,102
242,101
242,100
242,99
242,98
242,97
242,97
241,96
240,95
239,94
238,93
237,92
236,91
235,90
234,89
234,89
234,90
234,91
234,92
234,93
234,94
234,95
234,96
234,97
234,97
233,98
233,99
232,100
232,101
231,102
231,103
230,104
230,105
229,106
229,107
228,108
228,109
227,110
227,111
226,112
226,112
226,111
226,110
226,109
226,108
226,107
226,106
226,105
226,104
226,103
226,102
226,101
226,100
226,99
226,98
226,97
226,97
225,97
224,97
223,97
222,97
221,97
220,97
219,97
218,97
218,97
217,98
217,99
216,100
215,101
215,102
214,103
213,104
213,105
212,106
211,107
211,108
210,109
210,109
210,108
210,107
210,106
210,105
210,104
210,103
210,102
210,101
210,100
210,99
210,98
210,97
210,97
209,97
208,97
207,97
206,97
205,97
204,97
203,97
202,97
202,97
201,97
200,97
199,97
198,96
197,96
196,96
195,96
194,96
319,80
319,79
318,78
318,77
317,76
317,75
317,74
316,73
316,72
316,71
315,70
315,69
314,68
314,67
314,67
313,66
312,65
311,64
310,63
309,62
308,61
307,60
306,59
306,59
306,58
306,57
305,56
305,55
305,54
305,53
304,52
304,51
304,50
304,49
304,48
303,47
303,46
303,45
303,45
302,46
302,47
301,48
301,49
300,50
300,51
299,52
299,53
298,54
298,54
297,55
296,56
295,56
294,57
293,58
292,59
291,60
290,60
289,61
288,62
287,63
286,63
285,64
284,65
284,65
284,64
285,63
285,62
286,61
286,60
287,59
287,58
287,57
288,56
288,55
289,54
289,53
290,52
290,51
290,51
290,50
290,49
289,48
289,47
289,46
289,45
289,44
289,43
288,42
288,41
288,40
288,39
288,38
287,37
287,36
287,35
287,34
287,33
287,32
286,31
286,30
286,29
286,28
286,27
285,26
285,25
285,24
285,23
285,22
285,21
284,20
284,19
284,18
284,17
284,16
283,15
283,14
283,13
283,12
283,11
283,10
282,9
282,8
282,7
282,7
282,8
282,9
282,10
282,11
282,12
282,13
282,14
282,15
282,16
282,17
282,18
282,19
282,20
282,21
282,22
282,23
282,24
282,25
282,26
282,27
282,28
282,29
282,30
282,31
282,32
282,33
282,34
282,35
282,36
282,37
282,38
282,39
282,40
282,41
282,42
282,43
282,44
282,45
282,46
282,47
282,48
282,49
282,50
282,51
282,51
282,52
281,53
281,54
280,55
280,56
279,57
279,58
278,59
278,60
277,61
277,62
276,63
276,64
275,65
275,66
274,67
274,68
274,68
274,67
274,66
274,65
274,64
274,63
274,62
274,61
274,60
274,59
274,58
274,57
274,56
274,55
274,54
274,53
274,52
274,51
274,51
274,50
273,49
273,48
272,47
272,46
271,45
271,44
270,43
270,42
269,41
269,40
268,39
268,38
268,37
267,36
267,35
266,34
266,33
265,32
265,31
264,30
264,29
263,28
263,27
262,26
262,25
261,24
261,23
261,22
260,21
260,20
259,19
259,18
258,17
258,16
257,15
257,14
256,13
256,12
255,11
255,10
255,10
255,11
256,12
256,13
256,14
256,15
257,16
257,17
257,18
257,19
258,20
258,21
258,22
258,23
259,24
259,25
259,26
259,27
260,28
260,29
260,30
260,31
261,32
261,33
261,34
261,35
262,36
262,37
262,38
262,39
263,40
263,41
263,42
263,43
264,44
264,45
264,46
264,47
265,48
265,49
265,50
265,51
266,52
266,53
266,53
266,54
266,55
266,56
266,57
266,58
266,59
266,60
266,61
266,62
265,63
265,64
265,65
265,66
265,67
265,68
265,69
265,70
265,71
265,71
264,70
264,69
263,68
263,67
262,66
262,65
261,64
261,63
260,62
260,61
259,60
259,59
258,58
258,57
258,57
257,56
257,55
256,54
255,53
254,52
254,51
253,50
252,49
252,48
251,47
250,46
249,45
249,44
248,43
247,42
247,41
246,40
245,39
244,38
244,37
243,36
242,35
241,34
241,33
240,32
239,31
239,30
238,29
237,28
236,27
236,26
235,25
234,24
234,23
233,22
232,21
231,20
231,19
230,18
229,17
229,16
228,15
227,14
226,13
226,12
225,11
225,11
225,12
226,13
226,14
227,15
227,16
228,17
228,18
229,19
229,20
230,21
230,22
231,23
231,24
232,25
232,26
233,27
233,28
234,29
234,30
235,31
235,32
236,33
236,34
237,35
237,36
238,37
238,38
239,39
239,40
240,41
240,42
241,43
241,44
242,45
242,46
243,47
243,48
244,49
244,50
245,51
245,52
246,53
246,54
247,55
247,56
248,57
248,58
249,59
249,60
250,61
250,61
250,62
250,63
249,64
249,65
249,66
249,67
249,68
248,69
248,70
248,71
248,72
247,73
247,74
247,75
247,75
246,74
246,73
245,72
245,71
244,70
244,69
243,68
243,67
242,66
242,65
242,65
241,64
241,63
240,62
239,61
239,60
238,59
237,58
237,57
236,56
235,55
234,54
234,53
233,52
232,51
232,50
231,49
230,48
230,47
229,46
228,45
228,44
227,43
226,42
226,41
225,40
224,39
223,38
223,37
222,36
221,35
221,34
220,33
219,32
219,31
218,30
217,29
217,28
216,27
215,26
215,25
214,24
213,23
213,22
212,21
211,20
210,19
210,18
209,17
208,16
208,15
207,14
206,13
206,12
205,11
205,11
205,12
206,13
206,14
207,15
207,16
208,17
208,18
209,19
209,20
210,21
210,22
211,23
211,24
212,25
212,26
213,27
213,28
214,29
214,30
215,31
215,32
216,33
216,34
217,35
217,36
218,37
218,38
219,39
219,40
220,41
220,42
221,43
221,44
222,45
222,46
223,47
223,48
224,49
224,50
225,51
225,52
226,53
226,54
227,55
227,56
228,57
228,58
229,59
229,60
230,61
230,62
231,63
231,64
232,65
232,66
233,67
233,68
234,69
234,69
234,70
233,71
233,72
232,73
232,74
231,75
231,76
230,77
230,78
229,79
229,80
229,80
229,79
228,78
228,77
227,76
227,75
226,74
226,73
226,73
225,72
225,71
224,70
223,69
223,68
222,67
221,66
221,65
220,64
219,63
219,62
218,61
217,60
217,59
216,58
215,57
215,56
214,55
213,54
213,53
212,52
211,51
211,50
210,49
209,48
209,47
208,46
207,45
207,44
206,43
205,42
205,41
204,40
204,39
203,38
202,37
202,36
201,35
200,34
200,33
199,32
198,31
198,30
197,29
196,28
196,27
195,26
194,25
194,24
193,23
192,22
192,21
191,20
190,19
190,18
189,17
188,16
188,15
187,14
186,13
186,12
185,11
185,11
185,12
186,13
186,14
187,15
187,16
188,17
188,18
189,19
189,20
190,21
190,22
191,23
191,24
192,25
192,26
193,27
193,28
194,29
194,30
195,31
195,32
196,33
196,34
197,35
197,36
198,37
198,38
199,39
199,40
200,41
200,42
201,43
201,44
202,45
202,46
203,47
203,48
204,49
204,50
205,51
205,52
206,53
206,54
207,55
207,56
208,57
208,58
209,59
209,60
210,61
210,62
211,63
211,64
212,65
212,66
213,67
213,68
214,69
214,70
215,71
215,72
216,73
216,74
217,75
217,76
218,77
218,77
217,78
216,78
215,79
214,79
213,80
212,80
211,81
210,81
210,81
209,80
208,79
207,78
206,78
205,77
204,76
203,75
202,74
201,73
200,73
199,72
198,71
197,70
196,69
195,68
194,68
193,67
192,66
191,65
190,64
189,63
188,63
187,62
186,61
185,60
184,59
183,58
182,58
181,57
180,56
179,55
178,54
177,53
176,53
175,52
174,51
173,50
172,49
171,48
170,48
169,47
168,46
167,45
166,44
165,43
164,43
163,42
162,41
161,40
160,39
159,38
158,38
157,37
156,36
156,36
157,37
158,38
159,39
160,40
160,41
161,42
162,43
163,44
164,45
165,46
166,47
167,48
167,49
168,50
169,51
170,52
171,53
172,54
173,55
174,56
175,57
175,58
176,59
177,60
178,61
179,62
180,63
181,64
182,65
183,66
183,67
184,68
185,69
186,70
187,71
188,72
189,73
190,74
190,75
191,76
192,77
193,78
194,79
195,80
196,81
197,82
198,83
198,84
199,85
200,86
201,87
202,88
202,88
201,89
200,90
199,91
198,92
197,93
196,94
195,95
194,96
319,80
319,79
318,78
318,77
317,76
317,75
317,74
316,73
316,72
316,71
315,70
315,69
314,68
314,67
314,67
313,66
312,65
311,64
310,63
309,62
308,61
307,60
306,59
306,59
306,58
306,57
305,56
305,55
305,54
305,53
304,52
304,51
304,50
304,49
304,48
303,47
303,46
303,45
303,45
302,46
302,47
301,48
301,49
300,50
300,51
299,52
299,53
298,54
298,54
297,55
296,56
295,56
294,57
293,58
292,59
291,60
290,60
289,61
288,62
287,63
286,63
285,64
284,65
284,65
284,64
285,63
285,62
286,61
286,60
287,59
287,58
287,57
288,56
288,55
289,54
289,53
290,52
290,51
290,51
290,50
290,49
289,48
289,47
289,46
289,45
289,44
289,43
288,42
288,41
288,40
288,39
288,38
287,37
287,36
287,35
287,34
287,33
287,32
286,31
286,30
286,29
286,28
286,27
285,26
285,25
285,24
285,23
285,22
285,21
284,20
284,19
284,18
284,17
284,16
283,15
283,14
283,13
283,12
283,11
283,10
282,9
282,8
282,7
282,7
282,8
282,9
282,10
282,11
282,12
282,13
282,14
282,15
282,16
282,17
282,18
282,19
282,20
282,21
282,22
282,23
282,24
282,25
282,26
282,27
282,28
282,29
282,30
282,31
282,32
282,33
282,34
282,35
282,36
282,37
282,38
282,39
282,40
282,41
282,42
282,43
282,44
282,45
282,46
282,47
282,48
282,49
282,50
282,51
282,51
282,52
281,53
281,54
280,55
280,56
279,57
279,58
278,59
278,60
277,61
277,62
276,63
276,64
275,65
275,66
274,67
274,68
274,68
274,67
274,66
274,65
274,64
274,63
274,62
274,61
274,60
274,59
274,58
274,57
274,56
274,55
274,54
274,53
274,52
274,51
274,51
274,50
273,49
273,48
272,47
272,46
271,45
271,44
270,43
270,42
269,41
269,40
268,39
268,38
268,37
267,36
267,35
266,34
266,33
265,32
265,31
264,30
264,29
263,28
263,27
262,26
262,25
261,24
261,23
261,22
260,21
260,20
259,19
259,18
258,17
258,16
257,15
257,14
256,13
256,12
255,11
255,10
255,10
255,11
256,12
256,13
256,14
256,15
257,16
257,17
257,18
257,19
258,20
258,21
258,22
258,23
259,24
259,25
259,26
259,27
260,28
260,29
260,30
260,31
261,32
261,33
261,34
261,35
262,36
262,37
262,38
262,39
263,40
263,41
263,42
263,43
264,44
264,45
264,46
264,47
265,48
265,49
265,50
265,51
266,52
266,53
266,53
266,54
266,55
266,56
266,57
266,58
266,59
266,60
266,61
266,62
265,63
265,64
265,65
265,66
265,67
265,68
265,69
265,70
265,71
265,71
264,70
264,69
263,68
263,67
262,66
262,65
261,64
261,63
260,62
260,61
259,60
259,59
258,58
258,57
258,57
257,56
257,55
256,54
255,53
254,52
254,51
253,50
252,49
252,48
251,47
250,46
249,45
249,44
248,43
247,42
247,41
246,40
245,39
244,38
244,37
243,36
242,35
241,34
241,33
240,32
239,31
239,30
238,29
237,28
236,27
236,26
235,25
234,24
234,23
233,22
232,21
231,20
231,19
230,18
229,17
229,16
228,15
227,14
226,13
226,12
225,11
225,11
225,12
226,13
226,14
227,15
227,16
228,17
228,18
229,19
229,20
230,21
230,22
231,23
231,24
232,25
232,26
233,27
233,28
234,29
234,30
235,31
235,32
236,33
236,34
237,35
237,36
238,37
238,38
239,39
239,40
240,41
240,42
241,43
241,44
242,45
242,46
243,47
243,48
244,49
244,50
245,51
245,52
246,53
246,54
247,55
247,56
248,57
248,58
249,59
249,60
250,61
250,61
250,62
250,63
249,64
249,65
249,66
249,67
249,68
248,69
248,70
248,71
248,72
247,73
247,74
247,75
247,75
246,74
246,73
245,72
245,71
244,70
244,69
243,68
243,67
242,66
242,65
242,65
241,64
241,63
240,62
239,61
239,60
238,59
237,58
237,57
236,56
235,55
234,54
234,53
233,52
232,51
232,50
231,49
230,48
230,47
229,46
228,45
228,44
227,43
226,42
226,41
225,40
224,39
223,38
223,37
222,36
221,35
221,34
220,33
219,32
219,31
218,30
217,29
217,28
216,27
215,26
215,25
214,24
213,23
213,22
212,21
211,20
210,19
210,18
209,17
208,16
208,15
207,14
206,13
206,12
205,11
205,11
205,12
206,13
206,14
207,15
207,16
208,17
208,18
209,19
209,20
210,21
210,22
211,23
211,24
212,25
212,26
213,27
213,28
214,29
214,30
215,31
215,32
216,33
216,34
217,35
217,36
218,37
218,38
219,39
219,40
220,41
220,42
221,43
221,44
222,45
222,46
223,47
223,48
224,49
224,50
225,51
225,52
226,53
226,54
227,55
227,56
228,57
228,58
229,59
229,60
230,61
230,62
231,63
231,64
232,65
232,66
233,67
233,68
234,69
234,69
234,70
233,71
233,72
232,73
232,74
231,75
231,76
230,77
230,78
229,79
229,80
229,80
229,79
228,78
228,77
227,76
227,75
226,74
226,73
226,73
225,72
225,71
224,70
223,69
223,68
222,67
221,66
221,65
220,64
219,63
219,62
218,61
217,60
217,59
216,58
215,57
215,56
214,55
213,54
213,53
212,52
211,51
211,50
210,49
209,48
209,47
208,46
207,45
207,44
206,43
205,42
205,41
204,40
204,39
203,38
202,37
202,36
201,35
200,34
200,33
199,32
198,31
198,30
197,29
196,28
196,27
195,26
194,25
194,24
193,23
192,22
192,21
191,20
190,19
190,18
189,17
188,16
188,15
187,14
186,13
186,12
185,11
185,11
185,12
186,13
186,14
187,15
187,16
188,17
188,18
189,19
189,20
190,21
190,22
191,23
191,24
192,25
192,26
193,27
193,28
194,29
194,30
195,31
195,32
196,33
196,34
197,35
197,36
198,37
198,38
199,39
199,40
200,41
200,42
201,43
201,44
202,45
202,46
203,47
203,48
204,49
204,50
205,51
205,52
206,53
206,54
207,55
207,56
208,57
208,58
209,59
209,60
210,61
210,62
211,63
211,64
212,65
212,66
213,67
213,68
214,69
214,70
215,71
215,72
216,73
216,74
217,75
217,76
218,77
218,77
217,78
216,78
215,79
214,79
213,80
212,80
211,81
210,81
210,81
209,80
208,79
207,78
206,78
205,77
204,76
203,75
202,74
201,73
200,73
199,72
198,71
197,70
196,69
195,68
194,68
193,67
192,66
191,65
190,64
189,63
188,63
187,62
186,61
185,60
184,59
183,58
182,58
181,57
180,56
179,55
178,54
177,53
176,53
175,52
174,51
173,50
172,49
171,48
170,48
169,47
168,46
167,45
166,44
165,43
164,43
163,42
162,41
161,40
160,39
159,38
158,38
157,37
156,36
156,36
157,37
158,38
159,39
160,40
160,41
161,42
162,43
163,44
164,45
165,46
166,47
167,48
167,49
168,50
169,51
170,52
171,53
172,54
173,55
174,56
175,57
175,58
176,59
177,60
178,61
179,62
180,63
181,64
182,65
183,66
183,67
184,68
185,69
186,70
187,71
188,72
189,73
190,74
190,75
191,76
192,77
193,78
194,79
195,80
196,81
197,82
198,83
198,84
199,85
200,86
201,87
202,88
202,88
201,89
200,90
199,91
198,92
197,93
196,94
195,95
194,96
194,96
193,97
192,98
191,99
190,100
189,101
188,102
187,103
186,103
185,104
184,105
183,106
182,107
181,108
180,109
180,109
179,110
179,111
178,112
177,113
176,114
176,115
175,116
174,117
174,117
173,118
173,119
172,120
172,121
171,122
170,123
170,124
169,125
169,125
168,124
167,123
166,122
165,122
164,121
163,120
162,119
161,118
160,117
159,116
158,116
157,115
156,114
155,113
155,113
154,112
153,112
152,111
151,110
150,110
149,109
148,109
147,108
147,108
147,107
146,106
146,105
145,104
145,103
144,102
144,101
143,100
143,99
142,98
142,97
141,96
141,95
140,94
140,93
139,92
139,91
139,90
138,89
138,88
137,87
137,86
136,85
136,84
135,83
135,82
134,81
134,80
133,79
133,78
132,77
132,76
132,75
131,74
131,73
130,72
130,71
129,70
129,69
128,68
128,67
127,66
127,65
126,64
126,63
125,62
125,61
124,60
124,59
124,58
123,57
123,56
122,55
122,54
121,53
121,52
120,51
120,50
119,49
119,48
118,47
118,46
117,45
117,44
116,43
116,42
116,41
115,40
115,39
114,38
114,37
113,36
113,35
112,34
112,33
111,32
111,31
110,30
110,29
109,28
109,27
109,26
108,25
108,24
107,23
107,22
106,21
106,20
105,19
105,18
104,17
104,16
103,15
103,14
102,13
102,12
101,11
101,10
101,10
101,11
102,12
102,13
103,14
103,15
103,16
104,17
104,18
104,19
105,20
105,21
106,22
106,23
106,24
107,25
107,26
107,27
108,28
108,29
109,30
109,31
109,32
110,33
110,34
110,35
111,36
111,37
112,38
112,39
112,40
113,41
113,42
113,43
114,44
114,45
115,46
115,47
115,48
116,49
116,50
116,51
117,52
117,53
118,54
118,55
118,56
119,57
119,58
119,59
120,60
120,61
121,62
121,63
121,64
122,65
122,66
122,67
123,68
123,69
124,70
124,71
124,72
125,73
125,74
125,75
126,76
126,77
127,78
127,79
127,80
128,81
128,82
128,83
129,84
129,85
130,86
130,87
130,88
131,89
131,90
131,91
132,92
132,93
133,94
133,95
133,96
134,97
134,98
134,99
135,100
135,101
136,102
136,103
136,104
137,105
137,106
137,107
138,108
138,109
139,110
139,111
139,111
139,112
139,113
139,114
139,115
139,116
139,117
139,118
139,119
139,120
139,121
139,122
139,123
139,124
139,125
139,126
139,127
139,128
139,129
139,130
139,131
139,131
138,130
138,129
137,128
137,127
136,126
136,125
135,124
135,123
134,122
134,121
133,120
133,119
132,118
132,117
131,116
131,115
131,115
130,114
130,113
129,112
129,111
128,110
127,109
127,108
126,107
126,106
125,105
124,104
124,103
123,102
123,101
122,100
121,99
121,98
120,97
120,96
119,95
118,94
118,93
117,92
117,91
116,90
115,89
115,88
114,87
114,86
113,85
113,84
112,83
111,82
111,81
110,80
110,79
109,78
108,77
108,76
107,75
107,74
106,73
105,72
105,71
104,70
104,69
103,68
102,67
102,66
101,65
101,64
100,63
99,62
99,61
98,60
98,59
97,58
96,57
96,56
95,55
95,54
94,53
93,52
93,51
92,50
92,49
91,48
90,47
90,46
89,45
89,44
88,43
87,42
87,41
86,40
86,39
85,38
84,37
84,36
83,35
83,34
82,33
82,32
81,31
80,30
80,29
79,28
79,27
78,26
77,25
77,24
76,23
76,22
75,21
74,20
74,19
73,18
73,17
72,16
71,15
71,14
70,13
70,12
69,11
69,11
69,12
70,13
70,14
71,15
71,16
72,17
72,18
73,19
73,20
74,21
74,22
75,23
75,24
76,25
76,26
77,27
77,28
78,29
78,30
79,31
79,32
80,33
80,34
81,35
81,36
82,37
82,38
83,39
83,40
84,41
84,42
85,43
85,44
86,45
86,46
87,47
87,48
88,49
88,50
89,51
89,52
90,53
90,54
91,55
91,56
92,57
92,58
93,59
93,60
94,61
94,62
95,63
95,64
96,65
96,66
97,67
97,68
98,69
98,70
99,71
99,72
100,73
100,74
101,75
101,76
102,77
102,78
103,79
103,80
104,81
104,82
105,83
105,84
106,85
106,86
107,87
107,88
108,89
108,90
109,91
109,92
110,93
110,94
111,95
111,96
112,97
112,98
113,99
113,100
114,101
114,102
115,103
115,104
116,105
116,106
117,107
117,108
118,109
118,110
119,111
119,112
120,113
120,114
121,115
121,116
122,117
122,118
123,119
123,119
122,120
122,121
121,122
120,123
119,124
119,125
118,126
118,126
117,126
116,125
115,125
114,124
113,124
112,124
111,123
110,123
109,122
108,122
107,121
106,121
105,121
104,120
103,120
102,119
101,119
100,119
99,118
98,118
97,117
96,117
95,117
94,116
93,116
92,115
91,115
90,115
89,114
88,114
87,113
86,113
85,112
84,112
83,112
82,111
81,111
80,110
79,110
78,110
77,109
76,109
75,108
74,108
73,108
72,107
71,107
70,106
69,106
68,106
67,105
66,105
65,104
64,104
63,103
62,103
61,103
60,102
59,102
58,101
57,101
56,101
55,100
54,100
53,99
52,99
51,99
50,98
49,98
48,97
47,97
46,97
45,96
44,96
43,95
42,95
41,94
40,94
39,94
38,93
37,93
36,92
35,92
34,92
33,91
32,91
31,90
30,90
29,90
28,89
27,89
26,88
25,88
24,88
23,87
22,87
21,86
20,86
19,85
18,85
17,85
16,84
15,84
14,83
13,83
12,83
11,82
10,82
9,81
8,81
8,81
9,81
10,82
11,82
12,83
13,83
14,84
15,84
16,85
17,85
18,86
19,86
20,87
21,87
22,88
23,88
24,89
25,89
26,90
27,90
28,91
29,91
30,92
31,92
32,93
33,93
34,94
35,94
36,95
37,95
38,96
39,96
40,97
41,97
42,98
43,98
44,99
45,99
46,100
47,100
48,101
49,101
50,102
51,102
52,103
53,103
54,104
55,104
56,105
57,105
58,106
59,106
60,107
61,107
62,108
63,108
64,109
65,109
66,110
67,110
68,111
69,111
70,112
71,112
72,113
73,113
74,114
75,114
76,115
77,115
78,116
79,116
80,117
81,117
82,118
83,118
84,119
85,119
86,120
87,120
88,121
89,121
90,122
91,122
92,123
93,123
94,124
95,124
96,125
97,125
98,126
99,126
100,127
101,127
102,128
103,128
104,129
105,129
106,130
107,130
108,131
109,131
110,132
111,132
112,133
113,133
114,134
114,134
115,135
116,136
117,137
118,138
119,139
120,140
121,141
122,142
123,143
123,144
124,145
125,146
126,147
127,148
128,149
129,150
130,151
131,152
132,153
132,153
131,152
130,152
129,151
128,151
127,150
126,150
125,149
124,149
123,148
122,148
121,147
120,147
119,146
118,146
117,145
116,145
115,144
114,144
113,143
112,143
111,142
110,142
110,142
109,142
108,141
107,141
106,140
105,140
104,140
103,139
102,139
101,138
100,138
99,138
98,137
97,137
96,136
95,136
94,136
93,135
92,135
91,134
90,134
89,134
88,133
87,133
86,132
85,132
84,132
83,131
82,131
81,130
80,130
79,130
78,129
77,129
76,128
75,128
74,128
73,127
72,127
71,126
70,126
69,126
68,125
67,125
66,124
65,124
64,124
63,123
62,123
61,122
60,122
59,121
58,121
57,121
56,120
55,120
54,119
53,119
52,119
51,118
50,118
49,117
48,117
47,117
46,116
45,116
44,115
43,115
42,115
41,114
40,114
39,113
38,113
37,113
36,112
35,112
34,111
33,111
32,111
31,110
30,110
29,109
28,109
27,109
26,108
25,108
24,107
23,107
22,107
21,106
20,106
19,105
18,105
17,105
16,104
15,104
14,103
13,103
12,103
11,102
10,102
9,101
8,101
8,101
9,101
10,102
11,102
12,103
13,103
14,104
15,104
16,105
17,105
18,106
19,106
20,107
21,107
22,108
23,108
24,109
25,109
26,110
27,110
28,111
29,111
30,112
31,112
32,113
33,113
34,114
35,114
36,115
37,115
38,116
39,116
40,117
41,117
42,118
43,118
44,119
45,119
46,120
47,120
48,121
49,121
50,122
51,122
52,123
53,123
54,124
55,124
56,125
57,125
58,126
59,126
60,127
61,127
62,128
63,128
64,129
65,129
66,130
67,130
68,131
69,131
70,132
71,132
72,133
73,133
74,134
75,134
76,135
77,135
78,136
79,136
80,137
81,137
82,138
83,138
84,139
85,139
86,140
87,140
88,141
89,141
90,142
91,142
92,143
93,143
94,144
95,144
96,145
97,145
98,146
99,146
100,147
101,147
102,148
103,148
104,149
105,149
106,150
106,150
107,151
108,152
109,153
110,154
111,155
112,156
113,157
114,158
115,159
116,160
117,160
118,161
119,162
120,163
121,164
122,165
123,166
124,167
125,168
126,169
127,170
128,171
128,171
127,170
126,170
125,169
124,169
123,168
122,168
121,167
120,167
119,166
118,166
117,165
116,165
115,164
114,164
113,163
112,163
111,162
110,162
109,161
108,161
107,160
106,160
105,159
104,159
103,158
102,158
102,158
101,158
100,157
99,157
98,156
97,156
96,156
95,155
94,155
93,154
92,154
91,154
90,153
89,153
88,152
87,152
86,152
85,151
84,151
83,151
82,150
81,150
80,149
79,149
78,149
77,148
76,148
75,147
74,147
73,147
72,146
71,146
70,145
69,145
68,145
67,144
66,144
65,143
64,143
63,143
62,142
61,142
60,141
59,141
58,141
57,140
56,140
55,139
54,139
53,139
52,138
51,138
50,138
49,137
48,137
47,136
46,136
45,136
44,135
43,135
42,134
41,134
40,134
39,133
38,133
37,132
36,132
35,132
34,131
33,131
32,130
31,130
30,130
29,129
28,129
27,128
26,128
25,128
24,127
23,127
22,127
21,126
20,126
19,125
18,125
17,125
16,124
15,124
14,123
13,123
12,123
11,122
10,122
9,121
8,121
8,121
9,121
10,122
11,122
12,123
13,123
14,124
15,124
16,125
17,125
18,126
19,126
20,127
21,127
22,128
23,128
24,129
25,129
26,130
27,130
28,131
29,131
30,132
31,132
32,133
33,133
34,134
35,134
36,135
37,135
38,136
39,136
40,137
41,137
42,138
43,138
44,139
45,139
46,140
47,140
48,141
49,141
50,142
51,142
52,143
53,143
54,144
55,144
56,145
57,145
58,146
59,146
60,147
61,147
62,148
63,148
64,149
65,149
66,150
67,150
68,151
69,151
70,152
71,152
72,153
73,153
74,154
75,154
76,155
77,155
78,156
79,156
80,157
81,157
82,158
83,158
84,159
85,159
86,160
87,160
88,161
89,161
90,162
91,162
92,163
93,163
94,164
95,164
96,165
97,165
98,166
98,166
99,167
100,168
101,169
102,170
103,170
104,171
105,172
106,173
107,174
108,175
109,176
110,177
111,177
112,178
113,179
114,180
115,181
116,182
117,183
118,184
119,185
120,185
121,186
122,187
123,188
124,189
124,189
123,188
122,188
121,187
120,187
119,186
118,186
117,185
116,185
115,184
114,184
113,183
112,183
111,182
110,182
109,181
108,181
107,180
106,180
105,179
104,179
103,178
102,178
101,177
100,177
99,176
98,176
97,175
96,175
95,174
94,174
94,174
93,174
92,173
91,173
90,172
89,172
88,172
87,171
86,171
85,171
84,170
83,170
82,169
81,169
80,169
79,168
78,168
77,167
76,167
75,167
74,166
73,166
72,166
71,165
70,165
69,164
68,164
67,164
66,163
65,163
64,162
63,162
62,162
61,161
60,161
59,161
58,160
57,160
56,159
55,159
54,159
53,158
52,158
51,157
50,157
49,157
48,156
47,156
46,156
45,155
44,155
43,154
42,154
41,154
40,153
39,153
38,153
37,152
36,152
35,151
34,151
33,151
32,150
31,150
30,149
29,149
28,149
27,148
26,148
25,148
24,147
23,147
22,146
21,146
20,146
19,145
18,145
17,144
16,144
15,144
14,143
13,143
12,143
11,142
10,142
9,141
8,141
8,141
9,141
10,142
11,142
12,143
13,143
14,144
15,144
16,145
17,145
18,146
19,146
20,147
21,147
22,148
23,148
24,149
25,149
26,150
27,150
28,151
29,151
30,152
31,152
32,153
33,153
34,154
35,154
36,155
37,155
38,156
39,156
40,157
41,157
42,158
43,158
44,159
45,159
46,160
47,160
48,161
49,161
50,162
51,162
52,163
53,163
54,164
55,164
56,165
57,165
58,166
59,166
60,167
61,167
62,168
63,168
64,169
65,169
66,170
67,170
68,171
69,171
70,172
71,172
72,173
73,173
74,174
75,174
76,175
77,175
78,176
79,176
80,177
81,177
82,178
83,178
84,179
85,179
86,180
87,180
88,181
89,181
90,182
90,182
91,183
92,184
93,184
94,185
95,186
96,187
97,188
98,189
99,189
100,190
101,191
102,192
103,193
104,194
105,194
106,195
107,196
108,197
109,198
110,199
111,199
112,200
113,201
114,202
115,203
116,204
117,204
118,205
119,206
120,207
120,207
119,206
118,206
117,205
116,205
115,204
114,204
113,203
112,203
111,202
110,202
109,201
108,201
107,200
106,200
105,199
104,199
103,198
102,198
101,197
100,197
99,196
98,196
97,195
96,195
95,194
94,194
93,193
92,193
91,192
90,192
89,191
88,191
87,190
86,190
86,190
85,190
84,189
83,189
82,188
81,188
80,188
79,187
78,187
77,187
76,186
75,186
74,185
73,185
72,185
71,184
70,184
69,184
68,183
67,183
66,182
65,182
64,182
63,181
62,181
61,181
60,180
59,180
58,179
57,179
56,179
55,178
54,178
53,177
52,177
51,177
50,176
49,176
48,176
47,175
46,175
45,174
44,174
43,174
42,173
41,173
40,173
39,172
38,172
37,171
36,171
35,171
34,170
33,170
32,169
31,169
30,169
29,168
28,168
27,168
26,167
25,167
24,166
23,166
22,166
21,165
20,165
19,165
18,164
17,164
16,163
15,163
14,163
13,162
12,162
11,162
10,161
9,161
8,160
7,160
7,160
8,161
9,161
10,162
11,162
12,163
13,163
14,164
15,164
16,165
17,165
18,166
19,166
20,167
21,167
22,168
23,168
24,169
25,169
26,170
27,170
28,171
29,171
30,172
31,172
32,173
33,173
34,174
35,174
36,175
37,175
38,176
39,176
40,177
41,177
42,178
43,178
44,179
45,179
46,180
47,180
48,181
49,181
50,182
51,182
52,183
53,183
54,184
55,184
56,185
57,185
58,186
59,186
60,187
61,187
62,188
63,188
64,189
65,189
66,190
67,190
68,191
69,191
70,192
71,192
72,193
73,193
74,194
75,194
76,195
77,195
78,196
79,196
80,197
81,197
82,198
82,198
83,199
84,200
85,200
86,201
87,202
88,203
89,204
90,204
91,205
92,206
93,207
94,208
95,208
96,209
97,210
98,211
99,211
100,212
101,213
102,214
103,215
104,215
105,216
106,217
107,218
108,219
109,219
110,220
111,221
112,222
113,223
114,223
115,224
116,225
116,225
115,224
114,224
113,223
112,223
111,222
110,222
109,221
108,221
107,220
106,220
105,219
104,219
103,218
102,218
101,217
100,217
99,216
98,216
97,215
96,215
95,214
94,214
93,213
92,213
91,212
90,212
89,211
88,211
87,210
86,210
85,209
84,209
83,208
82,208
81,207
80,207
79,206
78,206
78,206
77,206
76,205
75,205
74,205
73,204
72,204
71,203
70,203
69,203
68,202
67,202
66,202
65,201
64,201
63,201
62,200
61,200
60,199
59,199
58,199
57,198
56,198
55,198
54,197
53,197
52,196
51,196
50,196
49,195
48,195
47,195
46,194
45,194
44,194
43,193
42,193
41,192
40,192
39,192
38,191
37,191
36,191
35,190
34,190
33,190
32,189
31,189
30,188
29,188
28,188
27,187
26,187
25,187
24,186
23,186
22,185
21,185
20,185
19,184
18,184
17,184
16,183
15,183
14,183
13,182
12,182
11,181
10,181
9,181
8,180
7,180
7,180
8,181
9,181
10,182
11,182
12,183
13,183
14,184
15,184
16,185
17,185
18,186
19,186
20,187
21,187
22,188
23,188
24,189
25,189
26,190
27,190
28,191
29,191
30,192
31,192
32,193
33,193
34,194
35,194
36,195
37,195
38,196
39,196
40,197
41,197
42,198
43,198
44,199
45,199
46,200
47,200
48,201
49,201
50,202
51,202
52,203
53,203
54,204
55,204
56,205
57,205
58,206
59,206
60,207
61,207
62,208
63,208
64,209
65,209
66,210
67,210
68,211
69,211
70,212
71,212
72,213
73,213
74,214
74,214
75,215
76,216
77,217
78,217
79,218
80,219
81,220
82,221
83,222
84,222
85,223
86,224
87,225
88,226
89,227
90,227
91,228
92,229
93,230
93,230
92,230
91,229
90,229
89,229
88,228
87,228
86,227
85,227
84,227
83,226
82,226
81,226
80,225
79,225
78,225
77,224
76,224
75,223
74,223
73,223
72,222
71,222
71,222
70,222
69,222
68,222
67,223
66,223
65,223
64,223
63,223
62,223
61,223
60,223
59,224
58,224
57,224
56,224
55,224
54,224
53,224
52,224
51,225
50,225
49,225
48,225
47,225
46,225
45,225
44,225
43,226
42,226
41,226
40,226
39,226
38,226
37,226
36,226
35,227
34,227
33,227
32,227
31,227
30,227
29,227
28,227
27,228
26,228
25,228
24,228
23,228
22,228
21,228
20,228
19,229
18,229
17,229
16,229
15,229
14,229
13,229
12,229
11,230
10,230
9,230
8,230
7,230
7,230
8,230
9,230
10,230
11,230
12,230
13,230
14,230
15,230
16,230
17,230
18,230
19,230
20,230
21,230
22,230
23,230
24,230
25,230
26,230
27,230
28,230
29,230
30,230
31,230
32,230
33,230
34,230
35,230
36,230
37,230
38,230
39,230
40,230
41,230
42,230
43,230
44,230
45,230
46,230
47,230
48,230
49,230
50,230
51,230
52,230
53,230
54,230
55,230
56,230
57,230
58,230
59,230
60,230
61,230
62,230
63,230
64,230
65,230
66,230
67,230
68,230
69,230
70,230
71,230
71,230
71,231
71,232
71,233
71,234
71,235
71,236
71,237
71,238
71,238
70,238
69,238
68,238
67,239
66,239
65,239
64,239
63,239
62,239
61,239
60,239
59,240
58,240
57,240
56,240
55,240
54,240
53,240
52,240
51,241
50,241
49,241
48,241
47,241
46,241
45,241
44,241
43,242
42,242
41,242
40,242
39,242
38,242
37,242
36,242
35,243
34,243
33,243
32,243
31,243
30,243
29,243
28,243
27,244
26,244
25,244
24,244
23,244
22,244
21,244
20,244
19,245
18,245
17,245
16,245
15,245
14,245
13,245
12,245
11,246
10,246
9,246
8,246
7,246
7,246
8,246
9,246
10,246
11,246
12,246
13,246
14,246
15,246
16,246
17,246
18,246
19,246
20,246
21,246
22,246
23,246
24,246
25,246
26,246
27,246
28,246
29,246
30,246
31,246
32,246
33,246
34,246
35,246
36,246
37,246
38,246
39,246
40,246
41,246
42,246
43,246
44,246
45,246
46,246
47,246
48,246
49,246
50,246
51,246
52,246
53,246
54,246
55,246
56,246
57,246
58,246
59,246
60,246
61,246
62,246
63,246
64,246
65,246
66,246
67,246
68,246
69,246
70,246
71,246
71,246
71,247
71,248
71,249
71,250
72,251
72,252
72,253
72,254
72,254
71,254
70,254
69,254
68,254
67,255
66,255
65,255
64,255
63,255
62,255
61,255
60,255
59,256
58,256
57,256
56,256
55,256
54,256
53,256
52,256
51,257
50,257
49,257
48,257
47,257
46,257
45,257
44,257
43,258
42,258
41,258
40,258
39,258
38,258
37,258
36,258
35,259
34,259
33,259
32,259
31,259
30,259
29,259
28,259
27,260
26,260
25,260
24,260
23,260
22,260
21,260
20,260
19,261
18,261
17,261
16,261
15,261
14,261
13,261
12,261
11,262
10,262
9,262
8,262
7,262
7,262
8,262
9,262
10,262
11,262
12,262
13,262
14,262
15,262
16,262
17,262
18,262
19,262
20,262
21,262
22,262
23,262
24,262
25,262
26,262
27,262
28,262
29,262
30,262
31,262
32,262
33,262
34,262
35,262
36,262
37,262
38,262
39,262
40,262
41,262
42,262
43,262
44,262
45,262
46,262
47,262
48,262
49,262
50,262
51,262
52,262
53,262
54,262
55,262
56,262
57,262
58,262
59,262
60,262
61,262
62,262
63,262
64,262
65,262
66,262
67,262
68,262
69,262
70,262
71,262
72,262
72,262
73,262
74,261
75,261
76,261
77,260
78,260
79,260
80,259
81,259
82,259
83,259
84,258
85,258
86,258
87,257
88,257
89,257
90,256
91,256
92,256
93,255
94,255
94,255
93,256
92,257
91,258
90,259
89,260
88,261
87,262
87,263
86,264
85,265
84,266
83,267
82,268
81,269
80,270
80,270
79,270
78,270
77,270
76,270
75,271
74,271
73,271
72,271
71,271
70,271
69,271
68,271
67,271
66,272
65,272
64,272
63,272
62,272
61,272
60,272
59,272
58,272
57,273
56,273
55,273
54,273
53,273
52,273
51,273
50,273
49,273
48,274
47,274
46,274
45,274
44,274
43,274
42,274
41,274
40,274
39,274
38,275
37,275
36,275
35,275
34,275
33,275
32,275
31,275
30,275
29,276
28,276
27,276
26,276
25,276
24,276
23,276
22,276
21,276
20,277
19,277
18,277
17,277
16,277
15,277
14,277
13,277
12,277
11,278
10,278
9,278
8,278
7,278
7,278
8,278
9,278
10,278
11,278
12,278
13,278
14,278
15,278
16,278
17,278
18,278
19,278
20,278
21,278
22,278
23,278
24,278
25,278
26,278
27,278
28,278
29,278
30,278
31,278
32,278
33,278
34,278
35,278
36,278
37,278
38,278
39,278
40,278
41,278
42,278
43,278
44,278
45,278
46,278
47,278
48,278
49,278
50,278
51,278
52,278
53,278
54,278
55,278
56,278
57,278
58,278
59,278
60,278
61,278
62,278
63,278
64,278
65,278
66,278
67,278
68,278
69,278
70,278
71,278
72,278
73,278
74,278
75,278
76,278
77,278
78,278
79,278
80,278
80,278
80,279
80,280
81,281
81,282
81,283
81,284
82,285
82,286
82,286
81,286
80,287
79,287
78,288
77,288
76,289
75,289
74,290
73,290
72,291
71,291
70,292
69,292
68,293
67,293
66,294
65,294
64,295
63,295
62,296
61,296
60,297
59,297
58,298
57,298
56,299
55,299
54,300
53,300
52,301
51,301
50,302
49,302
48,303
47,303
46,304
45,304
44,305
43,305
42,306
41,306
40,307
39,307
38,308
37,308
36,309
35,309
34,310
33,310
32,311
31,311
30,312
29,312
28,313
27,313
26,314
25,314
24,315
23,315
22,316
21,316
20,317
19,317
18,318
17,318
16,319
15,319
14,320
13,320
12,321
11,321
11,321
12,321
13,320
14,320
15,320
16,319
17,319
18,318
19,318
20,318
21,317
22,317
23,317
24,316
25,316
26,316
27,315
28,315
29,314
30,314
31,314
32,313
33,313
34,313
35,312
36,312
37,312
38,311
39,311
40,310
41,310
42,310
43,309
44,309
45,309
46,308
47,308
48,308
49,307
50,307
51,306
52,306
53,306
54,305
55,305
56,305
57,304
58,304
59,303
60,303
61,303
62,302
63,302
64,302
65,301
66,301
67,301
68,300
69,300
70,299
71,299
72,299
73,298
74,298
75,298
76,297
77,297
78,297
79,296
80,296
81,295
82,295
83,295
84,294
85,294
85,294
86,293
87,292
88,291
89,290
90,289
91,288
92,287
93,286
93,285
94,284
95,283
96,282
97,281
98,280
99,279
100,278
101,277
102,276
103,275
104,274
105,273
106,272
107,271
108,270
108,269
109,268
110,267
111,266
112,265
113,264
114,263
115,262
115,262
114,263
114,264
113,265
113,266
112,267
111,268
111,269
110,270
110,271
109,272
108,273
108,274
107,275
107,276
106,277
105,278
105,279
104,280
104,281
103,282
103,283
102,284
101,285
101,286
100,287
100,288
99,289
98,290
98,291
97,292
97,293
96,294
95,295
95,296
94,297
94,298
93,299
169,125
168,124
167,123
166,122
165,122
164,121
163,120
162,119
161,118
160,117
159,116
158,116
157,115
156,114
155,113
155,113
154,112
153,112
152,111
151,110
150,110
149,109
148,109
147,108
147,108
147,107
146,106
146,105
145,104
145,103
144,102
144,101
143,100
143,99
142,98
142,97
141,96
141,95
140,94
140,93
139,92
139,91
139,90
138,89
138,88
137,87
137,86
136,85
136,84
135,83
135,82
134,81
134,80
133,79
133,78
132,77
132,76
132,75
131,74
131,73
130,72
130,71
129,70
129,69
128,68
128,67
127,66
127,65
126,64
126,63
125,62
125,61
124,60
124,59
124,58
123,57
123,56
122,55
122,54
121,53
121,52
120,51
120,50
119,49
119,48
118,47
118,46
117,45
117,44
116,43
116,42
116,41
115,40
115,39
114,38
114,37
113,36
113,35
112,34
112,33
111,32
111,31
110,30
110,29
109,28
109,27
109,26
108,25
108,24
107,23
107,22
106,21
106,20
105,19
105,18
104,17
104,16
103,15
103,14
102,13
102,12
101,11
101,10
101,10
101,11
102,12
102,13
103,14
103,15
103,16
104,17
104,18
104,19
105,20
105,21
106,22
106,23
106,24
107,25
107,26
107,27
108,28
108,29
109,30
109,31
109,32
110,33
110,34
110,35
111,36
111,37
112,38
112,39
112,40
113,41
113,42
113,43
114,44
114,45
115,46
115,47
115,48
116,49
116,50
116,51
117,52
117,53
118,54
118,55
118,56
119,57
119,58
119,59
120,60
120,61
121,62
121,63
121,64
122,65
122,66
122,67
123,68
123,69
124,70
124,71
124,72
125,73
125,74
125,75
126,76
126,77
127,78
127,79
127,80
128,81
128,82
128,83
129,84
129,85
130,86
130,87
130,88
131,89
131,90
131,91
132,92
132,93
133,94
133,95
133,96
134,97
134,98
134,99
135,100
135,101
136,102
136,103
136,104
137,105
137,106
137,107
138,108
138,109
139,110
139,111
139,111
139,112
139,113
139,114
139,115
139,116
139,117
139,118
139,119
139,120
139,121
139,122
139,123
139,124
139,125
139,126
139,127
139,128
139,129
139,130
139,131
139,131
138,130
138,129
137,128
137,127
136,126
136,125
135,124
135,123
134,122
134,121
133,120
133,119
132,118
132,117
131,116
131,115
131,115
130,114
130,113
129,112
129,111
128,110
127,109
127,108
126,107
126,106
125,105
124,104
124,103
123,102
123,101
122,100
121,99
121,98
120,97
120,96
119,95
118,94
118,93
117,92
117,91
116,90
115,89
115,88
114,87
114,86
113,85
113,84
112,83
111,82
111,81
110,80
110,79
109,78
108,77
108,76
107,75
107,74
106,73
105,72
105,71
104,70
104,69
103,68
102,67
102,66
101,65
101,64
100,63
99,62
99,61
98,60
98,59
97,58
96,57
96,56
95,55
95,54
94,53
93,52
93,51
92,50
92,49
91,48
90,47
90,46
89,45
89,44
88,43
87,42
87,41
86,40
86,39
85,38
84,37
84,36
83,35
83,34
82,33
82,32
81,31
80,30
80,29
79,28
79,27
78,26
77,25
77,24
76,23
76,22
75,21
74,20
74,19
73,18
73,17
72,16
71,15
71,14
70,13
70,12
69,11
69,11
69,12
70,13
70,14
71,15
71,16
72,17
72,18
73,19
73,20
74,21
74,22
75,23
75,24
76,25
76,26
77,27
77,28
78,29
78,30
79,31
79,32
80,33
80,34
81,35
81,36
82,37
82,38
83,39
83,40
84,41
84,42
85,43
85,44
86,45
86,46
87,47
87,48
88,49
88,50
89,51
89,52
90,53
90,54
91,55
91,56
92,57
92,58
93,59
93,60
94,61
94,62
95,63
95,64
96,65
96,66
97,67
97,68
98,69
98,70
99,71
99,72
100,73
100,74
101,75
101,76
102,77
102,78
103,79
103,80
104,81
104,82
105,83
105,84
106,85
106,86
107,87
107,88
108,89
108,90
109,91
109,92
110,93
110,94
111,95
111,96
112,97
112,98
113,99
113,100
114,101
114,102
115,103
115,104
116,105
116,106
117,107
117,108
118,109
118,110
119,111
119,112
120,113
120,114
121,115
121,116
122,117
122,118
123,119
123,119
122,120
122,121
121,122
120,123
119,124
119,125
118,126
118,126
117,126
116,125
115,125
114,124
113,124
112,124
111,123
110,123
109,122
108,122
107,121
106,121
105,121
104,120
103,120
102,119
101,119
100,119
99,118
98,118
97,117
96,117
95,117
94,116
93,116
92,115
91,115
90,115
89,114
88,114
87,113
86,113
85,112
84,112
83,112
82,111
81,111
80,110
79,110
78,110
77,109
76,109
75,108
74,108
73,108
72,107
71,107
70,106
69,106
68,106
67,105
66,105
65,104
64,104
63,103
62,103
61,103
60,102
59,102
58,101
57,101
56,101
55,100
54,100
53,99
52,99
51,99
50,98
49,98
48,97
47,97
46,97
45,96
44,96
43,95
42,95
41,94
40,94
39,94
38,93
37,93
36,92
35,92
34,92
33,91
32,91
31,90
30,90
29,90
28,89
27,89
26,88
25,88
24,88
23,87
22,87
21,86
20,86
19,85
18,85
17,85
16,84
15,84
14,83
13,83
12,83
11,82
10,82
9,81
8,81
8,81
9,81
10,82
11,82
12,83
13,83
14,84
15,84
16,85
17,85
18,86
19,86
20,87
21,87
22,88
23,88
24,89
25,89
26,90
27,90
28,91
29,91
30,92
31,92
32,93
33,93
34,94
35,94
36,95
37,95
38,96
39,96
40,97
41,97
42,98
43,98
44,99
45,99
46,100
47,100
48,101
49,101
50,102
51,102
52,103
53,103
54,104
55,104
56,105
57,105
58,106
59,106
60,107
61,107
62,108
63,108
64,109
65,109
66,110
67,110
68,111
69,111
70,112
71,112
72,113
73,113
74,114
75,114
76,115
77,115
78,116
79,116
80,117
81,117
82,118
83,118
84,119
85,119
86,120
87,120
88,121
89,121
90,122
91,122
92,123
93,123
94,124
95,124
96,125
97,125
98,126
99,126
100,127
101,127
102,128
103,128
104,129
105,129
106,130
107,130
108,131
109,131
110,132
111,132
112,133
113,133
114,134
114,134
115,135
116,136
117,137
118,138
119,139
120,140
121,141
122,142
123,143
123,144
124,145
125,146
126,147
127,148
128,149
129,150
130,151
131,152
132,153
132,153
131,152
130,152
129,151
128,151
127,150
126,150
125,149
124,149
123,148
122,148
121,147
120,147
119,146
118,146
117,145
116,145
115,144
114,144
113,143
112,143
111,142
110,142
110,142
109,142
108,141
107,141
106,140
105,140
104,140
103,139
102,139
101,138
100,138
99,138
98,137
97,137
96,136
95,136
94,136
93,135
92,135
91,134
90,134
89,134
88,133
87,133
86,132
85,132
84,132
83,131
82,131
81,130
80,130
79,130
78,129
77,129
76,128
75,128
74,128
73,127
72,127
71,126
70,126
69,126
68,125
67,125
66,124
65,124
64,124
63,123
62,123
61,122
60,122
59,121
58,121
57,121
56,120
55,120
54,119
53,119
52,119
51,118
50,118
49,117
48,117
47,117
46,116
45,116
44,115
43,115
42,115
41,114
40,114
39,113
38,113
37,113
36,112
35,112
34,111
33,111
32,111
31,110
30,110
29,109
28,109
27,109
26,108
25,108
24,107
23,107
22,107
21,106
20,106
19,105
18,105
17,105
16,104
15,104
14,103
13,103
12,103
11,102
10,102
9,101
8,101
8,101
9,101
10,102
11,102
12,103
13,103
14,104
15,104
16,105
17,105
18,106
19,106
20,107
21,107
22,108
23,108
24,109
25,109
26,110
27,110
28,111
29,111
30,112
31,112
32,113
33,113
34,114
35,114
36,115
37,115
38,116
39,116
40,117
41,117
42,118
43,118
44,119
45,119
46,120
47,120
48,121
49,121
50,122
51,122
52,123
53,123
54,124
55,124
56,125
57,125
58,126
59,126
60,127
61,127
62,128
63,128
64,129
65,129
66,130
67,130
68,131
69,131
70,132
71,132
72,133
73,133
74,134
75,134
76,135
77,135
78,136
79,136
80,137
81,137
82,138
83,138
84,139
85,139
86,140
87,140
88,141
89,141
90,142
91,142
92,143
93,143
94,144
95,144
96,145
97,145
98,146
99,146
100,147
101,147
102,148
103,148
104,149
105,149
106,150
106,150
107,151
108,152
109,153
110,154
111,155
112,156
113,157
114,158
115,159
116,160
117,160
118,161
119,162
120,163
121,164
122,165
123,166
124,167
125,168
126,169
127,170
128,171
128,171
127,170
126,170
125,169
124,169
123,168
122,168
121,167
120,167
119,166
118,166
117,165
116,165
115,164
114,164
113,163
112,163
111,162
110,162
109,161
108,161
107,160
106,160
105,159
104,159
103,158
102,158
102,158
101,158
100,157
99,157
98,156
97,156
96,156
95,155
94,155
93,154
92,154
91,154
90,153
89,153
88,152
87,152
86,152
85,151
84,151
83,151
82,150
81,150
80,149
79,149
78,149
77,148
76,148
75,147
74,147
73,147
72,146
71,146
70,145
69,145
68,145
67,144
66,144
65,143
64,143
63,143
62,142
61,142
60,141
59,141
58,141
57,140
56,140
55,139
54,139
53,139
52,138
51,138
50,138
49,137
48,137
47,136
46,136
45,136
44,135
43,135
42,134
41,134
40,134
39,133
38,133
37,132
36,132
35,132
34,131
33,131
32,130
31,130
30,130
29,129
28,129
27,128
26,128
25,128
24,127
23,127
22,127
21,126
20,126
19,125
18,125
17,125
16,124
15,124
14,123
13,123
12,123
11,122
10,122
9,121
8,121
8,121
9,121
10,122
11,122
12,123
13,123
14,124
15,124
16,125
17,125
18,126
19,126
20,127
21,127
22,128
23,128
24,129
25,129
26,130
27,130
28,131
29,131
30,132
31,132
32,133
33,133
34,134
35,134
36,135
37,135
38,136
39,136
40,137
41,137
42,138
43,138
44,139
45,139
46,140
47,140
48,141
49,141
50,142
51,142
52,143
53,143
54,144
55,144
56,145
57,145
58,146
59,146
60,147
61,147
62,148
63,148
64,149
65,149
66,150
67,150
68,151
69,151
70,152
71,152
72,153
73,153
74,154
75,154
76,155
77,155
78,156
79,156
80,157
81,157
82,158
83,158
84,159
85,159
86,160
87,160
88,161
89,161
90,162
91,162
92,163
93,163
94,164
95,164
96,165
97,165
98,166
98,166
99,167
100,168
101,169
102,170
103,170
104,171
105,172
106,173
107,174
108,175
109,176
110,177
111,177
112,178
113,179
114,180
115,181
116,182
117,183
118,184
119,185
120,185
121,186
122,187
123,188
124,189
124,189
123,188
122,188
121,187
120,187
119,186
118,186
117,185
116,185
115,184
114,184
113,183
112,183
111,182
110,182
109,181
108,181
107,180
106,180
105,179
104,179
103,178
102,178
101,177
100,177
99,176
98,176
97,175
96,175
95,174
94,174
94,174
93,174
92,173
91,173
90,172
89,172
88,172
87,171
86,171
85,171
84,170
83,170
82,169
81,169
80,169
79,168
78,168
77,167
76,167
75,167
74,166
73,166
72,166
71,165
70,165
69,164
68,164
67,164
66,163
65,163
64,162
63,162
62,162
61,161
60,161
59,161
58,160
57,160
56,159
55,159
54,159
53,158
52,158
51,157
50,157
49,157
48,156
47,156
46,156
45,155
44,155
43,154
42,154
41,154
40,153
39,153
38,153
37,152
36,152
35,151
34,151
33,151
32,150
31,150
30,149
29,149
28,149
27,148
26,148
25,148
24,147
23,147
22,146
21,146
20,146
19,145
18,145
17,144
16,144
15,144
14,143
13,143
12,143
11,142
10,142
9,141
8,141
8,141
9,141
10,142
11,142
12,143
13,143
14,144
15,144
16,145
17,145
18,146
19,146
20,147
21,147
22,148
23,148
24,149
25,149
26,150
27,150
28,151
29,151
30,152
31,152
32,153
33,153
34,154
35,154
36,155
37,155
38,156
39,156
40,157
41,157
42,158
43,158
44,159
45,159
46,160
47,160
48,161
49,161
50,162
51,162
52,163
53,163
54,164
55,164
56,165
57,165
58,166
59,166
60,167
61,167
62,168
63,168
64,169
65,169
66,170
67,170
68,171
69,171
70,172
71,172
72,173
73,173
74,174
75,174
76,175
77,175
78,176
79,176
80,177
81,177
82,178
83,178
84,179
85,179
86,180
87,180
88,181
89,181
90,182
90,182
91,183
92,184
93,184
94,185
95,186
96,187
97,188
98,189
99,189
100,190
101,191
102,192
103,193
104,194
105,194
106,195
107,196
108,197
109,198
110,199
111,199
112,200
113,201
114,202
115,203
116,204
117,204
118,205
119,206
120,207
120,207
119,206
118,206
117,205
116,205
115,204
114,204
113,203
112,203
111,202
110,202
109,201
108,201
107,200
106,200
105,199
104,199
103,198
102,198
101,197
100,197
99,196
98,196
97,195
96,195
95,194
94,194
93,193
92,193
91,192
90,192
89,191
88,191
87,190
86,190
86,190
85,190
84,189
83,189
82,188
81,188
80,188
79,187
78,187
77,187
76,186
75,186
74,185
73,185
72,185
71,184
70,184
69,184
68,183
67,183
66,182
65,182
64,182
63,181
62,181
61,181
60,180
59,180
58,179
57,179
56,179
55,178
54,178
53,177
52,177
51,177
50,176
49,176
48,176
47,175
46,175
45,174
44,174
43,174
42,173
41,173
40,173
39,172
38,172
37,171
36,171
35,171
34,170
33,170
32,169
31,169
30,169
29,168
28,168
27,168
26,167
25,167
24,166
23,166
22,166
21,165
20,165
19,165
18,164
17,164
16,163
15,163
14,163
13,162
12,162
11,162
10,161
9,161
8,160
7,160
7,160
8,161
9,161
10,162
11,162
12,163
13,163
14,164
15,164
16,165
17,165
18,166
19,166
20,167
21,167
22,168
23,168
24,169
25,169
26,170
27,170
28,171
29,171
30,172
31,172
32,173
33,173
34,174
35,174
36,175
37,175
38,176
39,176
40,177
41,177
42,178
43,178
44,179
45,179
46,180
47,180
48,181
49,181
50,182
51,182
52,183
53,183
54,184
55,184
56,185
57,185
58,186
59,186
60,187
61,187
62,188
63,188
64,189
65,189
66,190
67,190
68,191
69,191
70,192
71,192
72,193
73,193
74,194
75,194
76,195
77,195
78,196
79,196
80,197
81,197
82,198
82,198
83,199
84,200
85,200
86,201
87,202
88,203
89,204
90,204
91,205
92,206
93,207
94,208
95,208
96,209
97,210
98,211
99,211
100,212
101,213
102,214
103,215
104,215
105,216
106,217
107,218
108,219
109,219
110,220
111,221
112,222
113,223
114,223
115,224
116,225
116,225
115,224
114,224
113,223
112,223
111,222
110,222
109,221
108,221
107,220
106,220
105,219
104,219
103,218
102,218
101,217
100,217
99,216
98,216
97,215
96,215
95,214
94,214
93,213
92,213
91,212
90,212
89,211
88,211
87,210
86,210
85,209
84,209
83,208
82,208
81,207
80,207
79,206
78,206
78,206
77,206
76,205
75,205
74,205
73,204
72,204
71,203
70,203
69,203
68,202
67,202
66,202
65,201
64,201
63,201
62,200
61,200
60,199
59,199
58,199
57,198
56,198
55,198
54,197
53,197
52,196
51,196
50,196
49,195
48,195
47,195
46,194
45,194
44,194
43,193
42,193
41,192
40,192
39,192
38,191
37,191
36,191
35,190
34,190
33,190
32,189
31,189
30,188
29,188
28,188
27,187
26,187
25,187
24,186
23,186
22,185
21,185
20,185
19,184
18,184
17,184
16,183
15,183
14,183
13,182
12,182
11,181
10,181
9,181
8,180
7,180
7,180
8,181
9,181
10,182
11,182
12,183
13,183
14,184
15,184
16,185
17,185
18,186
19,186
20,187
21,187
22,188
23,188
24,189
25,189
26,190
27,190
28,191
29,191
30,192
31,192
32,193
33,193
34,194
35,194
36,195
37,195
38,196
39,196
40,197
41,197
42,198
43,198
44,199
45,199
46,200
47,200
48,201
49,201
50,202
51,202
52,203
53,203
54,204
55,204
56,205
57,205
58,206
59,206
60,207
61,207
62,208
63,208
64,209
65,209
66,210
67,210
68,211
69,211
70,212
71,212
72,213
73,213
74,214
74,214
75,215
76,216
77,217
78,217
79,218
80,219
81,220
82,221
83,222
84,222
85,223
86,224
87,225
88,226
89,227
90,227
91,228
92,229
93,230
93,230
92,230
91,229
90,229
89,229
88,228
87,228
86,227
85,227
84,227
83,226
82,226
81,226
80,225
79,225
78,225
77,224
76,224
75,223
74,223
73,223
72,222
71,222
71,222
70,222
69,222
68,222
67,223
66,223
65,223
64,223
63,223
62,223
61,223
60,223
59,224
58,224
57,224
56,224
55,224
54,224
53,224
52,224
51,225
50,225
49,225
48,225
47,225
46,225
45,225
44,225
43,226
42,226
41,226
40,226
39,226
38,226
37,226
36,226
35,227
34,227
33,227
32,227
31,227
30,227
29,227
28,227
27,228
26,228
25,228
24,228
23,228
22,228
21,228
20,228
19,229
18,229
17,229
16,229
15,229
14,229
13,229
12,229
11,230
10,230
9,230
8,230
7,230
7,230
8,230
9,230
10,230
11,230
12,230
13,230
14,230
15,230
16,230
17,230
18,230
19,230
20,230
21,230
22,230
23,230
24,230
25,230
26,230
27,230
28,230
29,230
30,230
31,230
32,230
33,230
34,230
35,230
36,230
37,230
38,230
39,230
40,230
41,230
42,230
43,230
44,230
45,230
46,230
47,230
48,230
49,230
50,230
51,230
52,230
53,230
54,230
55,230
56,230
57,230
58,230
59,230
60,230
61,230
62,230
63,230
64,230
65,230
66,230
67,230
68,230
69,230
70,230
71,230
71,230
71,231
71,232
71,233
71,234
71,235
71,236
71,237
71,238
71,238
70,238
69,238
68,238
67,239
66,239
65,239
64,239
63,239
62,239
61,239
60,239
59,240
58,240
57,240
56,240
55,240
54,240
53,240
52,240
51,241
50,241
49,241
48,241
47,241
46,241
45,241
44,241
43,242
42,242
41,242
40,242
39,242
38,242
37,242
36,242
35,243
34,243
33,243
32,243
31,243
30,243
29,243
28,243
27,244
26,244
25,244
24,244
23,244
22,244
21,244
20,244
19,245
18,245
17,245
16,245
15,245
14,245
13,245
12,245
11,246
10,246
9,246
8,246
7,246
7,246
8,246
9,246
10,246
11,246
12,246
13,246
14,246
15,246
16,246
17,246
18,246
19,246
20,246
21,246
22,246
23,246
24,246
25,246
26,246
27,246
28,246
29,246
30,246
31,246
32,246
33,246
34,246
35,246
36,246
37,246
38,246
39,246
40,246
41,246
42,246
43,246
44,246
45,246
46,246
47,246
48,246
49,246
50,246
51,246
52,246
53,246
54,246
55,246
56,246
57,246
58,246
59,246
60,246
61,246
62,246
63,246
64,246
65,246
66,246
67,246
68,246
69,246
70,246
71,246
71,246
71,247
71,248
71,249
71,250
72,251
72,252
72,253
72,254
72,254
71,254
70,254
69,254
68,254
67,255
66,255
65,255
64,255
63,255
62,255
61,255
60,255
59,256
58,256
57,256
56,256
55,256
54,256
53,256
52,256
51,257
50,257
49,257
48,257
47,257
46,257
45,257
44,257
43,258
42,258
41,258
40,258
39,258
38,258
37,258
36,258
35,259
34,259
33,259
32,259
31,259
30,259
29,259
28,259
27,260
26,260
25,260
24,260
23,260
22,260
21,260
20,260
19,261
18,261
17,261
16,261
15,261
14,261
13,261
12,261
11,262
10,262
9,262
8,262
7,262
7,262
8,262
9,262
10,262
11,262
12,262
13,262
14,262
15,262
16,262
17,262
18,262
19,262
20,262
21,262
22,262
23,262
24,262
25,262
26,262
27,262
28,262
29,262
30,262
31,262
32,262
33,262
34,262
35,262
36,262
37,262
38,262
39,262
40,262
41,262
42,262
43,262
44,262
45,262
46,262
47,262
48,262
49,262
50,262
51,262
52,262
53,262
54,262
55,262
56,262
57,262
58,262
59,262
60,262
61,262
62,262
63,262
64,262
65,262
66,262
67,262
68,262
69,262
70,262
71,262
72,262
72,262
73,262
74,261
75,261
76,261
77,260
78,260
79,260
80,259
81,259
82,259
83,259
84,258
85,258
86,258
87,257
88,257
89,257
90,256
91,256
92,256
93,255
94,255
94,255
93,256
92,257
91,258
90,259
89,260
88,261
87,262
87,263
86,264
85,265
84,266
83,267
82,268
81,269
80,270
80,270
79,270
78,270
77,270
76,270
75,271
74,271
73,271
72,271
71,271
70,271
69,271
68,271
67,271
66,272
65,272
64,272
63,272
62,272
61,272
60,272
59,272
58,272
57,273
56,273
55,273
54,273
53,273
52,273
51,273
50,273
49,273
48,274
47,274
46,274
45,274
44,274
43,274
42,274
41,274
40,274
39,274
38,275
37,275
36,275
35,275
34,275
33,275
32,275
31,275
30,275
29,276
28,276
27,276
26,276
25,276
24,276
23,276
22,276
21,276
20,277
19,277
18,277
17,277
16,277
15,277
14,277
13,277
12,277
11,278
10,278
9,278
8,278
7,278
7,278
8,278
9,278
10,278
11,278
12,278
13,278
14,278
15,278
16,278
17,278
18,278
19,278
20,278
21,278
22,278
23,278
24,278
25,278
26,278
27,278
28,278
29,278
30,278
31,278
32,278
33,278
34,278
35,278
36,278
37,278
38,278
39,278
40,278
41,278
42,278
43,278
44,278
45,278
46,278
47,278
48,278
49,278
50,278
51,278
52,278
53,278
54,278
55,278
56,278
57,278
58,278
59,278
60,278
61,278
62,278
63,278
64,278
65,278
66,278
67,278
68,278
69,278
70,278
71,278
72,278
73,278
74,278
75,278
76,278
77,278
78,278
79,278
80,278
80,278
80,279
80,280
81,281
81,282
81,283
81,284
82,285
82,286
82,286
81,286
80,287
79,287
78,288
77,288
76,289
75,289
74,290
73,290
72,291
71,291
70,292
69,292
68,293
67,293
66,294
65,294
64,295
63,295
62,296
61,296
60,297
59,297
58,298
57,298
56,299
55,299
54,300
53,300
52,301
51,301
50,302
49,302
48,303
47,303
46,304
45,304
44,305
43,305
42,306
41,306
40,307
39,307
38,308
37,308
36,309
35,309
34,310
33,310
32,311
31,311
30,312
29,312
28,313
27,313
26,314
25,314
24,315
23,315
22,316
21,316
20,317
19,317
18,318
17,318
16,319
15,319
14,320
13,320
12,321
11,321
11,321
12,321
13,320
14,320
15,320
16,319
17,319
18,318
19,318
20,318
21,317
22,317
23,317
24,316
25,316
26,316
27,315
28,315
29,314
30,314
31,314
32,313
33,313
34,313
35,312
36,312
37,312
38,311
39,311
40,310
41,310
42,310
43,309
44,309
45,309
46,308
47,308
48,308
49,307
50,307
51,306
52,306
53,306
54,305
55,305
56,305
57,304
58,304
59,303
60,303
61,303
62,302
63,302
64,302
65,301
66,301
67,301
68,300
69,300
70,299
71,299
72,299
73,298
74,298
75,298
76,297
77,297
78,297
79,296
80,296
81,295
82,295
83,295
84,294
85,294
85,294
86,293
87,292
88,291
89,290
90,289
91,288
92,287
93,286
93,285
94,284
95,283
96,282
97,281
98,280
99,279
100,278
101,277
102,276
103,275
104,274
105,273
106,272
107,271
108,270
108,269
109,268
110,267
111,266
112,265
113,264
114,263
115,262
115,262
114,263
114,264
113,265
113,266
112,267
111,268
111,269
110,270
110,271
109,272
108,273
108,274
107,275
107,276
106,277
105,278
105,279
104,280
104,281
103,282
103,283
102,284
101,285
101,286
100,287
100,288
99,289
98,290
98,291
97,292
97,293
96,294
95,295
95,296
94,297
94,298
93,299
177,133
176,133
175,134
174,134
173,135
172,135
171,135
170,136
169,136
168,137
167,137
166,137
165,138
164,138
163,139
162,139
161,139
160,140
159,140
158,140
157,141
156,141
155,142
154,142
153,142
152,143
151,143
150,144
149,144
149,144
150,143
151,142
152,141
153,140
154,139
155,138
156,137
157,136
158,135
159,135
160,134
161,133
162,132
163,131
164,130
165,129
166,128
167,127
168,126
169,125
237,160
236,160
235,160
234,161
233,161
232,161
231,161
230,161
229,161
228,162
227,162
226,162
225,162
224,162
223,163
222,163
221,163
220,163
219,163
218,163
217,164
216,164
215,164
214,164
213,164
212,164
211,165
210,165
209,165
209,165
210,164
211,163
212,162
213,161
214,160
215,159
216,158
217,157
218,157
219,156
220,155
221,154
222,153
223,152
224,151
225,150
226,149
226,149
226,148
226,147
227,146
227,145
227,144
227,143
228,142
228,141
228,140
228,139
229,138
229,137
229,136
229,135
229,134
230,133
230,132
230,131
230,130
231,129
231,128
231,127
231,127
230,128
229,129
228,130
227,131
226,132
225,133
225,134
224,135
223,136
222,137
221,138
220,139
219,140
218,141
218,141
217,141
216,141
215,142
214,142
213,142
212,142
211,142
210,143
209,143
208,143
207,143
206,143
205,143
204,144
203,144
202,144
201,144
200,144
199,145
198,145
197,145
197,145
198,144
199,143
200,142
201,141
202,140
203,139
204,139
205,138
206,137
207,136
208,135
209,134
210,133
210,133
209,132
209,131
208,130
207,129
207,128
206,127
205,126
205,125
204,124
203,123
203,122
202,121
202,121
202,122
202,123
202,124
202,125
202,126
202,127
202,128
202,129
202,130
202,131
202,132
202,133
202,133
201,133
200,133
199,133
198,133
197,133
196,133
195,133
194,133
194,133
193,133
192,133
191,133
190,133
189,133
188,133
187,133
186,133
186,133
185,133
184,133
183,133
182,133
181,133
180,133
179,133
178,133
274,169
273,168
272,167
271,167
270,166
269,165
268,164
267,164
266,163
265,162
264,161
263,161
262,160
262,160
261,160
260,160
259,160
258,160
257,160
256,160
255,160
254,160
254,160
254,159
253,158
253,157
253,156
252,155
252,154
252,153
251,152
251,151
251,150
250,149
250,148
250,147
250,146
249,145
249,144
249,143
248,142
248,141
248,140
247,139
247,138
247,137
246,136
246,135
246,135
246,136
246,137
246,138
246,139
246,140
246,141
246,142
246,143
246,144
246,145
246,146
246,147
246,148
246,149
246,150
246,151
246,152
246,153
246,154
246,155
246,156
246,157
246,158
246,159
246,160
246,160
245,160
244,160
243,160
242,160
241,160
240,160
239,160
238,160
287,266
287,265
288,264
288,263
289,262
289,261
290,260
290,259
291,258
291,257
291,257
291,256
291,255
291,254
292,253
292,252
292,251
292,250
292,249
292,249
293,248
294,248
295,247
296,247
297,246
298,246
299,245
300,245
301,244
302,244
303,243
304,243
305,242
306,242
307,241
308,241
309,240
310,240
311,239
312,239
313,238
313,238
312,238
311,238
310,238
309,239
308,239
307,239
306,239
305,239
304,239
303,239
302,240
301,240
300,240
299,240
298,240
297,240
296,240
295,240
294,241
293,241
292,241
291,241
291,241
290,240
289,240
288,239
287,238
286,237
285,237
284,236
283,235
282,234
281,234
280,233
279,232
278,232
277,231
276,230
275,229
274,229
273,228
273,228
274,228
275,228
276,229
277,229
278,229
279,229
280,230
281,230
282,230
283,230
284,231
285,231
286,231
287,231
288,232
289,232
290,232
291,232
292,233
293,233
293,233
294,233
295,233
296,233
297,232
298,232
299,232
300,232
301,232
302,232
303,232
304,232
305,231
306,231
307,231
308,231
309,231
310,231
311,231
312,230
313,230
314,230
315,230
315,230
314,230
313,229
312,229
311,229
310,229
309,228
308,228
307,228
306,228
305,227
304,227
303,227
302,227
301,226
300,226
299,226
298,226
297,225
296,225
295,225
295,225
294,225
293,224
292,224
291,223
290,223
289,223
288,222
287,222
286,222
285,221
284,221
283,220
282,220
281,220
280,219
279,219
278,219
277,218
276,218
275,217
274,217
274,217
275,217
276,217
277,217
278,217
279,217
280,217
281,217
282,217
283,217
284,217
285,217
286,217
287,217
288,217
289,217
290,217
291,217
292,217
293,217
294,217
295,217
295,217
296,216
297,215
298,215
299,214
300,213
301,212
302,212
303,211
304,210
305,209
306,209
307,208
308,207
309,206
310,206
311,205
312,204
312,204
311,204
310,205
309,205
308,205
307,205
306,206
305,206
304,206
303,206
302,207
301,207
300,207
299,207
298,208
297,208
296,208
295,208
294,209
293,209
293,209
292,209
291,209
290,209
289,209
288,209
287,209
286,209
285,209
284,209
283,209
282,209
281,209
280,209
279,209
278,209
277,209
276,209
275,209
274,209
273,209
272,209
272,209
273,209
274,208
275,208
276,207
277,207
278,206
279,206
280,205
281,205
282,204
283,204
284,203
285,203
286,202
287,202
288,201
289,201
289,201
290,200
291,199
292,198
293,197
294,196
295,195
296,194
297,193
298,192
299,191
300,190
301,189
302,188
303,187
304,186
305,185
306,184
307,183
308,182
309,181
310,180
310,180
309,181
308,181
307,182
306,182
305,183
304,183
303,184
302,184
301,185
300,185
299,186
298,186
297,187
296,187
295,188
294,188
293,189
292,189
291,190
290,190
289,191
288,191
287,192
286,192
285,193
285,193
284,193
283,193
282,193
281,193
280,193
279,193
278,193
277,193
276,193
275,192
274,192
273,192
272,192
271,192
270,192
269,192
268,192
267,192
266,192
265,192
265,192
266,192
267,191
268,191
269,190
270,190
271,189
272,189
273,189
274,188
275,188
276,187
277,187
278,186
279,186
280,185
281,185
281,185
280,184
280,183
279,182
279,181
278,180
278,179
277,178
277,177
277,177
276,177
275,177
274,176
273,176
272,176
271,176
270,175
269,175
268,175
267,175
266,174
265,174
264,174
263,174
262,173
261,173
260,173
260,173
261,173
262,172
263,172
264,172
265,172
266,171
267,171
268,171
269,170
270,170
271,170
272,170
273,169
274,169
287,266
286,266
285,266
284,266
283,266
282,266
281,266
280,266
279,266
278,266
277,266
276,266
275,266
275,266
274,267
273,268
272,269
271,269
270,270
269,271
268,272
268,272
267,272
266,272
265,273
264,273
263,273
262,273
261,274
260,274
259,274
258,274
257,275
256,275
255,275
255,275
256,276
257,276
258,277
259,277
260,278
261,279
262,279
263,280
263,280
262,281
261,281
260,282
259,283
258,283
257,284
256,284
255,285
