266,287
266,286
266,285
266,284
266,283
266,282
266,281
266,280
266,279
266,278
266,277
266,276
266,275
266,275
267,274
268,273
269,272
269,271
270,270
271,269
272,268
272,268
272,267
272,266
273,265
273,264
273,263
273,262
274,261
274,260
274,259
274,258
275,257
275,256
275,255
275,255
276,256
276,257
277,258
277,259
278,260
279,261
279,262
280,263
280,263
281,262
281,261
282,260
283,259
283,258
284,257
284,256
285,255
307,292
306,292
305,293
304,293
303,293
302,294
301,294
300,294
299,295
298,295
298,295
297,296
296,297
295,298
294,299
293,300
292,300
291,301
290,302
289,303
288,304
288,304
288,303
288,302
289,301
289,300
289,299
289,298
289,297
290,296
290,295
290,294
290,294
289,293
289,292
288,291
287,290
286,289
286,288
285,287
284,286
284,285
283,284
283,284
283,285
283,286
283,287
283,288
282,289
282,290
282,291
282,292
282,292
281,293
281,294
280,295
279,296
279,297
278,298
277,299
277,300
276,301
275,302
275,303
274,304
274,304
274,303
274,302
274,301
274,300
274,299
274,298
274,297
274,296
274,295
274,294
274,293
274,292
274,292
273,291
272,291
271,290
270,289
269,289
268,288
267,288
266,287
307,292
306,292
305,293
304,293
303,293
302,294
301,294
300,294
299,295
298,295
298,295
297,296
296,297
295,298
294,299
293,300
292,300
291,301
290,302
289,303
288,304
288,304
288,303
288,302
289,301
289,300
289,299
289,298
289,297
290,296
290,295
290,294
290,294
289,293
289,292
288,291
287,290
286,289
286,288
285,287
284,286
284,285
283,284
283,284
283,285
283,286
283,287
283,288
282,289
282,290
282,291
282,292
282,292
281,293
281,294
280,295
279,296
279,297
278,298
277,299
277,300
276,301
275,302
275,303
274,304
274,304
274,303
274,302
274,301
274,300
274,299
274,298
274,297
274,296
274,295
274,294
274,293
274,292
274,292
273,291
272,291
271,290
270,289
269,289
268,288
267,288
266,287
266,287
265,287
264,288
263,288
262,289
261,289
260,290
259,290
258,291
257,291
257,291
256,291
255,291
254,291
253,292
252,292
251,292
250,292
249,292
249,292
248,293
248,294
247,295
247,296
246,297
246,298
245,299
245,300
244,301
244,302
243,303
243,304
242,305
242,306
241,307
241,308
240,309
240,310
239,311
239,312
238,313
238,313
238,312
238,311
238,310
239,309
239,308
239,307
239,306
239,305
239,304
239,303
240,302
240,301
240,300
240,299
240,298
240,297
240,296
240,295
241,294
241,293
241,292
241,291
241,291
240,290
240,289
239,288
238,287
237,286
237,285
236,284
235,283
234,282
234,281
233,280
232,279
232,278
231,277
230,276
229,275
229,274
228,273
228,273
228,274
228,275
229,276
229,277
229,278
229,279
230,280
230,281
230,282
230,283
231,284
231,285
231,286
231,287
232,288
232,289
232,290
232,291
233,292
233,293
233,293
233,294
233,295
233,296
232,297
232,298
232,299
232,300
232,301
232,302
232,303
232,304
231,305
231,306
231,307
231,308
231,309
231,310
231,311
230,312
230,313
230,314
230,315
230,315
230,314
229,313
229,312
229,311
229,310
228,309
228,308
228,307
228,306
227,305
227,304
227,303
227,302
226,301
226,300
226,299
226,298
225,297
225,296
225,295
225,295
225,294
224,293
224,292
223,291
223,290
223,289
222,288
222,287
222,286
221,285
221,284
220,283
220,282
220,281
219,280
219,279
219,278
218,277
218,276
217,275
217,274
217,274
217,275
217,276
217,277
217,278
217,279
217,280
217,281
217,282
217,283
217,284
217,285
217,286
217,287
217,288
217,289
217,290
217,291
217,292
217,293
217,294
217,295
217,295
216,296
215,297
215,298
214,299
213,300
212,301
212,302
211,303
210,304
209,305
209,306
208,307
207,308
206,309
206,310
205,311
204,312
204,312
204,311
205,310
205,309
205,308
205,307
206,306
206,305
206,304
206,303
207,302
207,301
207,300
207,299
208,298
208,297
208,296
208,295
209,294
209,293
209,293
209,292
209,291
209,290
209,289
209,288
209,287
209,286
209,285
209,284
209,283
209,282
209,281
209,280
209,279
209,278
209,277
209,276
209,275
209,274
209,273
209,272
209,272
209,273
208,274
208,275
207,276
207,277
206,278
206,279
205,280
205,281
204,282
204,283
203,284
203,285
202,286
202,287
201,288
201,289
201,289
200,290
199,291
198,292
197,293
196,294
195,295
194,296
193,297
192,298
191,299
190,300
189,301
188,302
187,303
186,304
185,305
184,306
183,307
182,308
181,309
180,310
180,310
181,309
181,308
182,307
182,306
183,305
183,304
184,303
184,302
185,301
185,300
186,299
186,298
187,297
187,296
188,295
188,294
189,293
189,292
190,291
190,290
191,289
191,288
192,287
192,286
193,285
193,285
193,284
193,283
193,282
193,281
193,280
193,279
193,278
193,277
193,276
192,275
192,274
192,273
192,272
192,271
192,270
192,269
192,268
192,267
192,266
192,265
192,265
192,266
191,267
191,268
190,269
190,270
189,271
189,272
189,273
188,274
188,275
187,276
187,277
186,278
186,279
185,280
185,281
185,281
184,280
183,280
182,279
181,279
180,278
179,278
178,277
177,277
177,277
177,276
177,275
176,274
176,273
176,272
176,271
175,270
175,269
175,268
175,267
174,266
174,265
174,264
174,263
173,262
173,261
173,260
173,260
173,261
172,262
172,263
172,264
172,265
171,266
171,267
171,268
170,269
170,270
170,271
170,272
169,273
169,274
97,318
98,318
99,317
100,317
101,316
102,316
103,315
104,315
105,314
105,314
106,314
107,313
108,313
109,312
110,312
111,311
112,311
113,310
113,310
114,310
115,309
116,309
117,308
118,308
119,307
120,307
121,306
121,306
122,306
123,305
124,305
125,304
126,304
127,303
128,303
129,302
129,302
130,303
131,303
132,304
133,304
134,305
135,305
136,306
137,306
138,307
139,307
140,308
141,308
142,309
142,309
142,308
141,307
141,306
140,305
140,304
139,303
139,302
138,301
138,300
137,299
137,298
137,298
137,297
137,296
137,295
137,294
137,293
137,292
137,291
137,290
137,289
137,288
136,287
136,286
136,285
136,284
136,283
136,282
136,281
136,280
136,279
136,278
136,277
136,276
136,276
136,277
137,278
137,279
138,280
138,281
139,282
139,283
140,284
140,285
141,286
141,287
142,288
142,289
143,290
143,291
144,292
144,293
145,294
145,294
146,295
147,295
148,296
149,297
150,297
151,298
152,299
153,300
154,300
155,301
156,302
157,302
158,303
159,304
160,304
161,305
162,306
163,307
164,307
165,308
165,308
164,307
164,306
163,305
162,304
162,303
161,302
161,301
160,300
159,299
159,298
158,297
157,296
157,295
156,294
156,293
155,292
154,291
154,290
153,289
153,289
154,288
155,287
156,286
157,286
158,285
159,284
160,283
161,282
161,282
162,281
163,280
164,279
165,278
166,277
167,276
168,275
169,274
97,318
98,318
99,317
100,317
101,316
102,316
103,315
104,315
105,314
105,314
106,314
107,313
108,313
109,312
110,312
111,311
112,311
113,310
113,310
114,310
115,309
116,309
117,308
118,308
119,307
120,307
121,306
121,306
122,306
123,305
124,305
125,304
126,304
127,303
128,303
129,302
129,302
130,303
131,303
132,304
133,304
134,305
135,305
136,306
137,306
138,307
139,307
140,308
141,308
142,309
142,309
142,308
141,307
141,306
140,305
140,304
139,303
139,302
138,301
138,300
137,299
137,298
137,298
137,297
137,296
137,295
137,294
137,293
137,292
137,291
137,290
137,289
137,288
136,287
136,286
136,285
136,284
136,283
136,282
136,281
136,280
136,279
136,278
136,277
136,276
136,276
136,277
137,278
137,279
138,280
138,281
139,282
139,283
140,284
140,285
141,286
141,287
142,288
142,289
143,290
143,291
144,292
144,293
145,294
145,294
146,295
147,295
148,296
149,297
150,297
151,298
152,299
153,300
154,300
155,301
156,302
157,302
158,303
159,304
160,304
161,305
162,306
163,307
164,307
165,308
165,308
164,307
164,306
163,305
162,304
162,303
161,302
161,301
160,300
159,299
159,298
158,297
157,296
157,295
156,294
156,293
155,292
154,291
154,290
153,289
153,289
154,288
155,287
156,286
157,286
158,285
159,284
160,283
161,282
161,282
162,281
163,280
164,279
165,278
166,277
167,276
168,275
169,274
169,274
168,273
167,272
167,271
166,270
165,269
164,268
164,267
163,266
162,265
161,264
161,263
160,262
160,262
160,261
160,260
160,259
160,258
160,257
160,256
160,255
160,254
160,254
159,254
158,253
157,253
156,253
155,252
154,252
153,252
152,251
151,251
150,251
149,250
148,250
147,250
146,250
145,249
144,249
143,249
142,248
141,248
140,248
139,247
138,247
137,247
136,246
135,246
135,246
136,246
137,246
138,246
139,246
140,246
141,246
142,246
143,246
144,246
145,246
146,246
147,246
148,246
149,246
150,246
151,246
152,246
153,246
154,246
155,246
156,246
157,246
158,246
159,246
160,246
160,246
160,245
160,244
160,243
160,242
160,241
160,240
160,239
160,238
161,237
162,237
163,237
164,237
165,237
166,237
167,237
168,237
168,237
169,237
170,237
171,237
172,237
173,237
174,237
175,237
176,237
176,237
176,236
177,235
177,234
177,233
178,232
178,231
178,230
179,229
179,228
179,227
180,226
180,225
180,224
181,223
181,222
181,221
182,220
182,219
182,218
183,217
183,216
183,215
184,214
184,213
184,213
184,214
184,215
184,216
184,217
184,218
184,219
184,220
184,221
184,222
184,223
184,224
184,225
184,226
184,227
184,228
184,229
184,230
184,231
184,232
184,233
184,234
184,235
184,236
184,237
184,237
185,238
185,239
186,240
186,241
187,242
187,243
188,244
189,245
189,246
190,247
190,248
191,249
191,250
192,251
192,251
192,250
192,249
192,248
192,247
192,246
192,245
192,244
192,243
192,242
192,241
192,240
192,239
192,238
192,237
192,237
192,236
193,235
193,234
193,233
194,232
194,231
194,230
195,229
195,228
195,227
196,226
196,225
196,224
197,223
197,222
197,221
198,220
198,219
198,218
199,217
199,216
199,215
200,214
200,213
200,213
200,214
200,215
200,216
200,217
200,218
200,219
200,220
200,221
200,222
200,223
200,224
200,225
200,226
200,227
200,228
200,229
200,230
200,231
200,232
200,233
200,234
200,235
200,236
200,237
200,237
200,238
201,239
201,240
202,241
202,242
203,243
203,244
204,245
204,246
205,247
205,248
206,249
206,250
207,251
207,252
208,253
208,254
208,254
208,253
208,252
208,251
208,250
208,249
208,248
208,247
208,246
208,245
208,244
208,243
208,242
208,241
208,240
208,239
208,238
208,237
208,237
209,236
209,235
210,234
210,233
211,232
212,231
212,230
213,229
213,228
214,227
215,226
215,225
216,224
216,223
217,222
217,222
217,223
217,224
217,225
217,226
217,227
217,228
217,229
217,230
216,231
216,232
216,233
216,234
216,235
216,236
216,237
216,238
216,238
217,239
218,239
219,240
220,240
221,241
222,241
223,242
224,243
225,243
226,244
227,244
228,245
229,245
230,246
230,246
229,245
229,244
228,243
228,242
227,241
227,240
226,239
226,238
225,237
225,236
224,235
224,234
161,237
162,237
163,237
164,237
165,237
166,237
167,237
168,237
168,237
169,237
170,237
171,237
172,237
173,237
174,237
175,237
176,237
176,237
176,236
177,235
177,234
177,233
178,232
178,231
178,230
179,229
179,228
179,227
180,226
180,225
180,224
181,223
181,222
181,221
182,220
182,219
182,218
183,217
183,216
183,215
184,214
184,213
184,213
184,214
184,215
184,216
184,217
184,218
184,219
184,220
184,221
184,222
184,223
184,224
184,225
184,226
184,227
184,228
184,229
184,230
184,231
184,232
184,233
184,234
184,235
184,236
184,237
184,237
185,238
185,239
186,240
186,241
187,242
187,243
188,244
189,245
189,246
190,247
190,248
191,249
191,250
192,251
192,251
192,250
192,249
192,248
192,247
192,246
192,245
192,244
192,243
192,242
192,241
192,240
192,239
192,238
192,237
192,237
192,236
193,235
193,234
193,233
194,232
194,231
194,230
195,229
195,228
195,227
196,226
196,225
196,224
197,223
197,222
197,221
198,220
198,219
198,218
199,217
199,216
199,215
200,214
200,213
200,213
200,214
200,215
200,216
200,217
200,218
200,219
200,220
200,221
200,222
200,223
200,224
200,225
200,226
200,227
200,228
200,229
200,230
200,231
200,232
200,233
200,234
200,235
200,236
200,237
200,237
200,238
201,239
201,240
202,241
202,242
203,243
203,244
204,245
204,246
205,247
205,248
206,249
206,250
207,251
207,252
208,253
208,254
208,254
208,253
208,252
208,251
208,250
208,249
208,248
208,247
208,246
208,245
208,244
208,243
208,242
208,241
208,240
208,239
208,238
208,237
208,237
209,236
209,235
210,234
210,233
211,232
212,231
212,230
213,229
213,228
214,227
215,226
215,225
216,224
216,223
217,222
217,222
217,223
217,224
217,225
217,226
217,227
217,228
217,229
217,230
216,231
216,232
216,233
216,234
216,235
216,236
216,237
216,238
216,238
217,239
218,239
219,240
220,240
221,241
222,241
223,242
224,243
225,243
226,244
227,244
228,245
229,245
230,246
230,246
229,245
229,244
228,243
228,242
227,241
227,240
226,239
226,238
225,237
225,236
224,235
224,234
160,237
160,236
160,235
161,234
161,233
161,232
161,231
161,230
161,229
162,228
162,227
162,226
162,225
162,224
163,223
163,222
163,221
163,220
163,219
163,218
164,217
164,216
164,215
164,214
164,213
164,212
165,211
165,210
165,209
165,209
164,210
163,211
162,212
161,213
160,214
159,215
158,216
157,217
157,218
156,219
155,220
154,221
153,222
152,223
151,224
150,225
149,226
149,226
148,226
147,226
146,227
145,227
144,227
143,227
142,228
141,228
140,228
139,228
138,229
137,229
136,229
135,229
134,229
133,230
132,230
131,230
130,230
129,231
128,231
127,231
127,231
128,230
129,229
130,228
131,227
132,226
133,225
134,225
135,224
136,223
137,222
138,221
139,220
140,219
141,218
141,218
141,217
141,216
142,215
142,214
142,213
142,212
142,211
143,210
143,209
143,208
143,207
143,206
143,205
144,204
144,203
144,202
144,201
144,200
145,199
145,198
145,197
145,197
144,198
143,199
142,200
141,201
140,202
139,203
139,204
138,205
137,206
136,207
135,208
134,209
133,210
133,210
132,209
131,209
130,208
129,207
128,207
127,206
126,205
125,205
124,204
123,203
122,203
121,202
121,202
122,202
123,202
124,202
125,202
126,202
127,202
128,202
129,202
130,202
131,202
132,202
133,202
133,202
133,201
133,200
133,199
133,198
133,197
133,196
133,195
133,194
133,194
133,193
133,192
133,191
133,190
133,189
133,188
133,187
133,186
133,186
133,185
133,184
133,183
133,182
133,181
133,180
133,179
133,178
300,185
299,184
298,184
297,183
296,183
295,182
294,182
293,181
292,180
291,180
290,179
289,179
288,178
287,178
286,177
286,177
285,176
284,175
283,175
282,174
281,173
280,172
279,172
278,171
278,171
277,170
276,170
275,169
274,168
273,168
272,167
271,167
270,166
270,166
269,165
268,164
267,163
266,162
265,161
265,160
264,159
263,158
262,157
261,156
260,155
260,155
260,156
260,157
260,158
261,159
261,160
261,161
261,162
261,163
261,164
262,165
262,166
262,167
262,167
262,168
261,169
261,170
260,171
260,172
260,173
259,174
259,175
258,176
258,177
257,178
257,179
257,179
257,178
256,177
256,176
256,175
255,174
255,173
255,172
254,171
254,170
254,170
253,170
252,169
251,169
250,169
249,169
248,168
247,168
246,168
245,167
244,167
243,167
242,167
241,166
240,166
240,166
241,167
241,168
242,169
243,170
243,171
244,172
245,173
245,174
246,175
246,175
246,176
246,177
245,178
245,179
245,180
245,181
245,182
245,183
244,184
244,185
244,186
244,187
244,188
244,189
243,190
243,191
243,192
243,192
243,191
242,190
242,189
242,188
241,187
241,186
240,185
240,184
240,183
239,182
239,181
239,180
238,179
238,178
238,178
238,177
237,176
237,175
237,174
237,173
236,172
236,171
236,170
236,169
235,168
235,167
235,166
235,165
234,164
234,163
234,162
234,161
233,160
233,159
233,158
233,157
232,156
232,155
232,154
232,154
232,155
232,156
232,157
232,158
232,159
231,160
231,161
231,162
231,163
231,164
231,165
231,166
231,167
231,168
231,169
231,170
231,171
230,172
230,173
230,174
230,175
230,176
230,177
230,177
230,178
230,179
230,180
229,181
229,182
229,183
229,184
229,185
229,186
229,187
229,188
228,189
228,190
228,191
228,192
228,193
228,194
228,195
227,196
227,197
227,198
227,199
227,199
227,198
226,197
226,196
226,195
226,194
225,193
225,192
225,191
225,190
224,189
224,188
224,187
224,186
223,185
223,184
223,183
223,182
222,181
222,180
222,179
222,179
222,178
221,177
221,176
221,175
221,174
220,173
220,172
220,171
220,170
219,169
219,168
219,167
219,166
218,165
218,164
218,163
218,162
217,161
217,160
217,159
217,158
216,157
216,156
216,156
216,157
216,158
216,159
216,160
216,161
215,162
215,163
215,164
215,165
215,166
215,167
215,168
215,169
215,170
215,171
215,172
214,173
214,174
214,175
214,176
214,177
214,178
214,178
213,179
213,180
212,181
212,182
211,183
211,184
210,185
210,186
209,187
209,188
208,189
208,190
207,191
207,192
206,193
206,194
205,195
205,196
204,197
204,198
203,199
203,199
203,198
203,197
203,196
204,195
204,194
204,193
204,192
204,191
204,190
204,189
205,188
205,187
205,186
205,185
205,184
205,183
205,182
205,181
206,180
206,179
206,178
206,177
206,177
206,176
206,175
205,174
205,173
205,172
205,171
205,170
204,169
204,168
204,167
204,166
203,165
203,164
203,163
203,162
203,161
202,160
202,159
202,158
202,157
202,156
201,155
201,154
201,153
201,152
201,151
200,150
200,149
200,148
200,147
199,146
199,145
199,144
199,143
199,142
198,141
198,140
198,139
198,139
198,140
198,141
198,142
198,143
198,144
198,145
198,146
198,147
198,148
198,149
198,150
198,151
198,152
198,153
198,154
198,155
198,156
198,157
198,158
198,159
198,160
198,161
198,162
198,163
198,164
198,165
198,166
198,167
198,168
198,169
198,170
198,171
198,172
198,173
198,174
198,175
198,176
198,177
198,177
198,178
197,179
197,180
197,181
196,182
196,183
196,184
195,185
195,186
195,187
194,188
194,189
194,190
193,191
193,192
193,193
192,194
192,195
192,196
191,197
191,198
191,199
190,200
190,201
190,201
190,200
190,199
190,198
190,197
190,196
190,195
190,194
190,193
190,192
190,191
190,190
190,189
190,188
190,187
190,186
190,185
190,184
190,183
190,182
190,181
190,180
190,179
190,178
190,177
190,177
190,176
190,175
189,174
189,173
189,172
189,171
188,170
188,169
188,168
188,167
187,166
187,165
187,164
187,163
186,162
186,161
186,160
186,159
186,158
185,157
185,156
185,155
185,154
184,153
184,152
184,151
184,150
183,149
183,148
183,147
183,146
182,145
182,144
182,143
182,143
182,144
182,145
182,146
182,147
182,148
182,149
182,150
182,151
182,152
182,153
182,154
182,155
182,156
182,157
182,158
182,159
182,160
182,161
182,162
182,163
182,164
182,165
182,166
182,167
182,168
182,169
182,170
182,171
182,172
182,173
182,174
182,175
182,176
182,177
182,177
182,178
181,179
181,180
181,181
180,182
180,183
180,184
179,185
179,186
179,187
178,188
178,189
178,190
177,191
177,192
177,193
176,194
176,195
176,196
175,197
175,198
175,199
174,200
174,201
174,201
174,200
174,199
174,198
174,197
174,196
174,195
174,194
174,193
174,192
174,191
174,190
174,189
174,188
174,187
174,186
174,185
174,184
174,183
174,182
174,181
174,180
174,179
174,178
174,177
174,177
174,176
173,175
173,174
173,173
173,172
172,171
172,170
172,169
172,168
171,167
171,166
171,165
171,164
170,163
170,162
170,161
169,160
169,159
169,158
169,157
168,156
168,155
168,154
168,153
167,152
167,151
167,150
167,149
166,148
166,147
166,147
166,148
166,149
166,150
166,151
166,152
166,153
166,154
166,155
166,156
166,157
166,158
166,159
166,160
166,161
166,162
166,163
166,164
166,165
166,166
166,167
166,168
166,169
166,170
166,171
166,172
166,173
166,174
166,175
166,176
166,177
166,177
166,178
165,179
165,180
164,181
164,182
163,183
163,184
162,185
162,186
161,187
161,188
160,189
160,190
159,191
159,192
158,193
158,193
158,192
158,191
158,190
158,189
158,188
158,187
158,186
158,185
158,184
158,183
158,182
158,181
158,180
158,179
158,178
158,177
158,177
158,176
157,175
157,174
157,173
157,172
156,171
156,170
156,169
155,168
155,167
155,166
154,165
154,164
154,163
154,162
153,161
153,160
153,159
152,158
152,157
152,156
151,155
151,154
151,153
151,152
150,151
150,150
150,150
150,151
150,152
150,153
150,154
150,155
150,156
150,157
150,158
150,159
150,160
150,161
150,162
150,163
150,164
150,165
150,166
150,167
150,168
150,169
150,170
150,171
150,172
150,173
150,174
150,175
150,176
150,177
150,177
149,177
148,177
147,177
146,177
145,177
144,177
143,177
142,177
142,177
141,177
140,177
139,177
138,177
137,177
136,177
135,177
134,177
300,185
299,184
298,184
297,183
296,183
295,182
294,182
293,181
292,180
291,180
290,179
289,179
288,178
287,178
286,177
286,177
285,176
284,175
283,175
282,174
281,173
280,172
279,172
278,171
278,171
277,170
276,170
275,169
274,168
273,168
272,167
271,167
270,166
270,166
269,165
268,164
267,163
266,162
265,161
265,160
264,159
263,158
262,157
261,156
260,155
260,155
260,156
260,157
260,158
261,159
261,160
261,161
261,162
261,163
261,164
262,165
262,166
262,167
262,167
262,168
261,169
261,170
260,171
260,172
260,173
259,174
259,175
258,176
258,177
257,178
257,179
257,179
257,178
256,177
256,176
256,175
255,174
255,173
255,172
254,171
254,170
254,170
253,170
252,169
251,169
250,169
249,169
248,168
247,168
246,168
245,167
244,167
243,167
242,167
241,166
240,166
240,166
241,167
241,168
242,169
243,170
243,171
244,172
245,173
245,174
246,175
246,175
246,176
246,177
245,178
245,179
245,180
245,181
245,182
245,183
244,184
244,185
244,186
244,187
244,188
244,189
243,190
243,191
243,192
243,192
243,191
242,190
242,189
242,188
241,187
241,186
240,185
240,184
240,183
239,182
239,181
239,180
238,179
238,178
238,178
238,177
237,176
237,175
237,174
237,173
236,172
236,171
236,170
236,169
235,168
235,167
235,166
235,165
234,164
234,163
234,162
234,161
233,160
233,159
233,158
233,157
232,156
232,155
232,154
232,154
232,155
232,156
232,157
232,158
232,159
231,160
231,161
231,162
231,163
231,164
231,165
231,166
231,167
231,168
231,169
231,170
231,171
230,172
230,173
230,174
230,175
230,176
230,177
230,177
230,178
230,179
230,180
229,181
229,182
229,183
229,184
229,185
229,186
229,187
229,188
228,189
228,190
228,191
228,192
228,193
228,194
228,195
227,196
227,197
227,198
227,199
227,199
227,198
226,197
226,196
226,195
226,194
225,193
225,192
225,191
225,190
224,189
224,188
224,187
224,186
223,185
223,184
223,183
223,182
222,181
222,180
222,179
222,179
222,178
221,177
221,176
221,175
221,174
220,173
220,172
220,171
220,170
219,169
219,168
219,167
219,166
218,165
218,164
218,163
218,162
217,161
217,160
217,159
217,158
216,157
216,156
216,156
216,157
216,158
216,159
216,160
216,161
215,162
215,163
215,164
215,165
215,166
215,167
215,168
215,169
215,170
215,171
215,172
214,173
214,174
214,175
214,176
214,177
214,178
214,178
213,179
213,180
212,181
212,182
211,183
211,184
210,185
210,186
209,187
209,188
208,189
208,190
207,191
207,192
206,193
206,194
205,195
205,196
204,197
204,198
203,199
203,199
203,198
203,197
203,196
204,195
204,194
204,193
204,192
204,191
204,190
204,189
205,188
205,187
205,186
205,185
205,184
205,183
205,182
205,181
206,180
206,179
206,178
206,177
206,177
206,176
206,175
205,174
205,173
205,172
205,171
205,170
204,169
204,168
204,167
204,166
203,165
203,164
203,163
203,162
203,161
202,160
202,159
202,158
202,157
202,156
201,155
201,154
201,153
201,152
201,151
200,150
200,149
200,148
200,147
199,146
199,145
199,144
199,143
199,142
198,141
198,140
198,139
198,139
198,140
198,141
198,142
198,143
198,144
198,145
198,146
198,147
198,148
198,149
198,150
198,151
198,152
198,153
198,154
198,155
198,156
198,157
198,158
198,159
198,160
198,161
198,162
198,163
198,164
198,165
198,166
198,167
198,168
198,169
198,170
198,171
198,172
198,173
198,174
198,175
198,176
198,177
198,177
198,178
197,179
197,180
197,181
196,182
196,183
196,184
195,185
195,186
195,187
194,188
194,189
194,190
193,191
193,192
193,193
192,194
192,195
192,196
191,197
191,198
191,199
190,200
190,201
190,201
190,200
190,199
190,198
190,197
190,196
190,195
190,194
190,193
190,192
190,191
190,190
190,189
190,188
190,187
190,186
190,185
190,184
190,183
190,182
190,181
190,180
190,179
190,178
190,177
190,177
190,176
190,175
189,174
189,173
189,172
189,171
188,170
188,169
188,168
188,167
187,166
187,165
187,164
187,163
186,162
186,161
186,160
186,159
186,158
185,157
185,156
185,155
185,154
184,153
184,152
184,151
184,150
183,149
183,148
183,147
183,146
182,145
182,144
182,143
182,143
182,144
182,145
182,146
182,147
182,148
182,149
182,150
182,151
182,152
182,153
182,154
182,155
182,156
182,157
182,158
182,159
182,160
182,161
182,162
182,163
182,164
182,165
182,166
182,167
182,168
182,169
182,170
182,171
182,172
182,173
182,174
182,175
182,176
182,177
182,177
182,178
181,179
181,180
181,181
180,182
180,183
180,184
179,185
179,186
179,187
178,188
178,189
178,190
177,191
177,192
177,193
176,194
176,195
176,196
175,197
175,198
175,199
174,200
174,201
174,201
174,200
174,199
174,198
174,197
174,196
174,195
174,194
174,193
174,192
174,191
174,190
174,189
174,188
174,187
174,186
174,185
174,184
174,183
174,182
174,181
174,180
174,179
174,178
174,177
174,177
174,176
173,175
173,174
173,173
173,172
172,171
172,170
172,169
172,168
171,167
171,166
171,165
171,164
170,163
170,162
170,161
169,160
169,159
169,158
169,157
168,156
168,155
168,154
168,153
167,152
167,151
167,150
167,149
166,148
166,147
166,147
166,148
166,149
166,150
166,151
166,152
166,153
166,154
166,155
166,156
166,157
166,158
166,159
166,160
166,161
166,162
166,163
166,164
166,165
166,166
166,167
166,168
166,169
166,170
166,171
166,172
166,173
166,174
166,175
166,176
166,177
166,177
166,178
165,179
165,180
164,181
164,182
163,183
163,184
162,185
162,186
161,187
161,188
160,189
160,190
159,191
159,192
158,193
158,193
158,192
158,191
158,190
158,189
158,188
158,187
158,186
158,185
158,184
158,183
158,182
158,181
158,180
158,179
158,178
158,177
158,177
158,176
157,175
157,174
157,173
157,172
156,171
156,170
156,169
155,168
155,167
155,166
154,165
154,164
154,163
154,162
153,161
153,160
153,159
152,158
152,157
152,156
151,155
151,154
151,153
151,152
150,151
150,150
150,150
150,151
150,152
150,153
150,154
150,155
150,156
150,157
150,158
150,159
150,160
150,161
150,162
150,163
150,164
150,165
150,166
150,167
150,168
150,169
150,170
150,171
150,172
150,173
150,174
150,175
150,176
150,177
150,177
149,177
148,177
147,177
146,177
145,177
144,177
143,177
142,177
142,177
141,177
140,177
139,177
138,177
137,177
136,177
135,177
134,177
133,177
133,176
134,175
134,174
135,173
135,172
135,171
136,170
136,169
137,168
137,167
137,166
138,165
138,164
139,163
139,162
139,161
140,160
140,159
140,158
141,157
141,156
142,155
142,154
142,153
143,152
143,151
144,150
144,149
144,149
143,150
142,151
141,152
140,153
139,154
138,155
137,156
136,157
135,158
135,159
134,160
133,161
132,162
131,163
130,164
129,165
128,166
127,167
126,168
125,169
96,194
97,193
98,192
99,191
100,190
101,189
102,188
103,187
103,186
104,185
105,184
106,183
107,182
108,181
109,180
109,180
110,179
111,179
112,178
113,177
114,176
115,176
116,175
117,174
117,174
118,173
119,173
120,172
121,172
122,171
123,170
124,170
125,169
97,283
97,282
97,281
97,280
97,279
97,278
97,277
97,276
97,275
97,274
97,274
96,273
95,273
94,272
93,272
92,271
91,271
90,270
89,270
88,269
87,269
86,268
85,268
84,267
83,267
82,266
82,266
83,266
84,266
85,266
86,266
87,266
88,266
89,266
90,266
91,266
92,266
93,266
94,266
95,266
96,266
97,266
97,266
98,266
99,265
100,265
101,265
102,264
103,264
104,264
105,263
106,263
107,263
108,262
109,262
110,262
111,261
112,261
113,261
114,260
115,260
116,260
117,259
118,259
119,259
120,258
121,258
121,258
120,258
119,258
118,258
117,258
116,258
115,258
114,258
113,258
112,258
111,258
110,258
109,258
108,258
107,258
106,258
105,258
104,258
103,258
102,258
101,258
100,258
99,258
98,258
97,258
97,258
96,257
95,257
94,256
93,255
92,254
91,254
90,253
89,252
88,251
87,251
86,250
86,250
87,250
88,250
89,250
90,250
91,250
92,250
93,250
94,250
95,250
96,250
97,250
97,250
98,250
99,249
100,249
101,248
102,248
103,248
104,247
105,247
106,246
107,246
108,246
109,245
110,245
111,244
112,244
113,244
114,243
115,243
116,242
117,242
117,242
116,242
115,242
114,242
113,242
112,242
111,242
110,242
109,242
108,242
107,242
106,242
105,242
104,242
103,242
102,242
101,242
100,242
99,242
98,242
97,242
97,242
96,241
95,240
94,239
93,238
92,237
91,236
90,235
89,234
89,234
90,234
91,234
92,234
93,234
94,234
95,234
96,234
97,234
97,234
98,233
99,233
100,232
101,232
102,231
103,231
104,230
105,230
106,229
107,229
108,228
109,228
110,227
111,227
112,226
112,226
111,226
110,226
109,226
108,226
107,226
106,226
105,226
104,226
103,226
102,226
101,226
100,226
99,226
98,226
97,226
97,226
97,225
97,224
97,223
97,222
97,221
97,220
97,219
97,218
97,218
98,217
99,217
100,216
101,215
102,215
103,214
104,213
105,213
106,212
107,211
108,211
109,210
109,210
108,210
107,210
106,210
105,210
104,210
103,210
102,210
101,210
100,210
99,210
98,210
97,210
97,210
97,209
97,208
97,207
97,206
97,205
97,204
97,203
97,202
97,202
97,201
97,200
97,199
96,198
96,197
96,196
96,195
96,194
97,283
97,282
97,281
97,280
97,279
97,278
97,277
97,276
97,275
97,274
97,274
96,273
95,273
94,272
93,272
92,271
91,271
90,270
89,270
88,269
87,269
86,268
85,268
84,267
83,267
82,266
82,266
83,266
84,266
85,266
86,266
87,266
88,266
89,266
90,266
91,266
92,266
93,266
94,266
95,266
96,266
97,266
97,266
98,266
99,265
100,265
101,265
102,264
103,264
104,264
105,263
106,263
107,263
108,262
109,262
110,262
111,261
112,261
113,261
114,260
115,260
116,260
117,259
118,259
119,259
120,258
121,258
121,258
120,258
119,258
118,258
117,258
116,258
115,258
114,258
113,258
112,258
111,258
110,258
109,258
108,258
107,258
106,258
105,258
104,258
103,258
102,258
101,258
100,258
99,258
98,258
97,258
97,258
96,257
95,257
94,256
93,255
92,254
91,254
90,253
89,252
88,251
87,251
86,250
86,250
87,250
88,250
89,250
90,250
91,250
92,250
93,250
94,250
95,250
96,250
97,250
97,250
98,250
99,249
100,249
101,248
102,248
103,248
104,247
105,247
106,246
107,246
108,246
109,245
110,245
111,244
112,244
113,244
114,243
115,243
116,242
117,242
117,242
116,242
115,242
114,242
113,242
112,242
111,242
110,242
109,242
108,242
107,242
106,242
105,242
104,242
103,242
102,242
101,242
100,242
99,242
98,242
97,242
97,242
96,241
95,240
94,239
93,238
92,237
91,236
90,235
89,234
89,234
90,234
91,234
92,234
93,234
94,234
95,234
96,234
97,234
97,234
98,233
99,233
100,232
101,232
102,231
103,231
104,230
105,230
106,229
107,229
108,228
109,228
110,227
111,227
112,226
112,226
111,226
110,226
109,226
108,226
107,226
106,226
105,226
104,226
103,226
102,226
101,226
100,226
99,226
98,226
97,226
97,226
97,225
97,224
97,223
97,222
97,221
97,220
97,219
97,218
97,218
98,217
99,217
100,216
101,215
102,215
103,214
104,213
105,213
106,212
107,211
108,211
109,210
109,210
108,210
107,210
106,210
105,210
104,210
103,210
102,210
101,210
100,210
99,210
98,210
97,210
97,210
97,209
97,208
97,207
97,206
97,205
97,204
97,203
97,202
97,202
97,201
97,200
97,199
96,198
96,197
96,196
96,195
96,194
80,319
79,319
78,318
77,318
76,317
75,317
74,317
73,316
72,316
71,316
70,315
69,315
68,314
67,314
67,314
66,313
65,312
64,311
63,310
62,309
61,308
60,307
59,306
59,306
58,306
57,306
56,305
55,305
54,305
53,305
52,304
51,304
50,304
49,304
48,304
47,303
46,303
45,303
45,303
46,302
47,302
48,301
49,301
50,300
51,300
52,299
53,299
54,298
54,298
55,297
56,296
56,295
57,294
58,293
59,292
60,291
60,290
61,289
62,288
63,287
63,286
64,285
65,284
65,284
64,284
63,285
62,285
61,286
60,286
59,287
58,287
57,287
56,288
55,288
54,289
53,289
52,290
51,290
51,290
50,290
49,290
48,289
47,289
46,289
45,289
44,289
43,289
42,288
41,288
40,288
39,288
38,288
37,287
36,287
35,287
34,287
33,287
32,287
31,286
30,286
29,286
28,286
27,286
26,285
25,285
24,285
23,285
22,285
21,285
20,284
19,284
18,284
17,284
16,284
15,283
14,283
13,283
12,283
11,283
10,283
9,282
8,282
7,282
7,282
8,282
9,282
10,282
11,282
12,282
13,282
14,282
15,282
16,282
17,282
18,282
19,282
20,282
21,282
22,282
23,282
24,282
25,282
26,282
27,282
28,282
29,282
30,282
31,282
32,282
33,282
34,282
35,282
36,282
37,282
38,282
39,282
40,282
41,282
42,282
43,282
44,282
45,282
46,282
47,282
48,282
49,282
50,282
51,282
51,282
52,282
53,281
54,281
55,280
56,280
57,279
58,279
59,278
60,278
61,277
62,277
63,276
64,276
65,275
66,275
67,274
68,274
68,274
67,274
66,274
65,274
64,274
63,274
62,274
61,274
60,274
59,274
58,274
57,274
56,274
55,274
54,274
53,274
52,274
51,274
51,274
50,274
49,273
48,273
47,272
46,272
45,271
44,271
43,270
42,270
41,269
40,269
39,268
38,268
37,268
36,267
35,267
34,266
33,266
32,265
31,265
30,264
29,264
28,263
27,263
26,262
25,262
24,261
23,261
22,261
21,260
20,260
19,259
18,259
17,258
16,258
15,257
14,257
13,256
12,256
11,255
10,255
10,255
11,255
12,256
13,256
14,256
15,256
16,257
17,257
18,257
19,257
20,258
21,258
22,258
23,258
24,259
25,259
26,259
27,259
28,260
29,260
30,260
31,260
32,261
33,261
34,261
35,261
36,262
37,262
38,262
39,262
40,263
41,263
42,263
43,263
44,264
45,264
46,264
47,264
48,265
49,265
50,265
51,265
52,266
53,266
53,266
54,266
55,266
56,266
57,266
58,266
59,266
60,266
61,266
62,266
63,265
64,265
65,265
66,265
67,265
68,265
69,265
70,265
71,265
71,265
70,264
69,264
68,263
67,263
66,262
65,262
64,261
63,261
62,260
61,260
60,259
59,259
58,258
57,258
57,258
56,257
55,257
54,256
53,255
52,254
51,254
50,253
49,252
48,252
47,251
46,250
45,249
44,249
43,248
42,247
41,247
40,246
39,245
38,244
37,244
36,243
35,242
34,241
33,241
32,240
31,239
30,239
29,238
28,237
27,236
26,236
25,235
24,234
23,234
22,233
21,232
20,231
19,231
18,230
17,229
16,229
15,228
14,227
13,226
12,226
11,225
11,225
12,225
13,226
14,226
15,227
16,227
17,228
18,228
19,229
20,229
21,230
22,230
23,231
24,231
25,232
26,232
27,233
28,233
29,234
30,234
31,235
32,235
33,236
34,236
35,237
36,237
37,238
38,238
39,239
40,239
41,240
42,240
43,241
44,241
45,242
46,242
47,243
48,243
49,244
50,244
51,245
52,245
53,246
54,246
55,247
56,247
57,248
58,248
59,249
60,249
61,250
61,250
62,250
63,250
64,249
65,249
66,249
67,249
68,249
69,248
70,248
71,248
72,248
73,247
74,247
75,247
75,247
74,246
73,246
72,245
71,245
70,244
69,244
68,243
67,243
66,242
65,242
65,242
64,241
63,241
62,240
61,239
60,239
59,238
58,237
57,237
56,236
55,235
54,234
53,234
52,233
51,232
50,232
49,231
48,230
47,230
46,229
45,228
44,228
43,227
42,226
41,226
40,225
39,224
38,223
37,223
36,222
35,221
34,221
33,220
32,219
31,219
30,218
29,217
28,217
27,216
26,215
25,215
24,214
23,213
22,213
21,212
20,211
19,210
18,210
17,209
16,208
15,208
14,207
13,206
12,206
11,205
11,205
12,205
13,206
14,206
15,207
16,207
17,208
18,208
19,209
20,209
21,210
22,210
23,211
24,211
25,212
26,212
27,213
28,213
29,214
30,214
31,215
32,215
33,216
34,216
35,217
36,217
37,218
38,218
39,219
40,219
41,220
42,220
43,221
44,221
45,222
46,222
47,223
48,223
49,224
50,224
51,225
52,225
53,226
54,226
55,227
56,227
57,228
58,228
59,229
60,229
61,230
62,230
63,231
64,231
65,232
66,232
67,233
68,233
69,234
69,234
70,234
71,233
72,233
73,232
74,232
75,231
76,231
77,230
78,230
79,229
80,229
80,229
79,229
78,228
77,228
76,227
75,227
74,226
73,226
73,226
72,225
71,225
70,224
69,223
68,223
67,222
66,221
65,221
64,220
63,219
62,219
61,218
60,217
59,217
58,216
57,215
56,215
55,214
54,213
53,213
52,212
51,211
50,211
49,210
48,209
47,209
46,208
45,207
44,207
43,206
42,205
41,205
40,204
39,204
38,203
37,202
36,202
35,201
34,200
33,200
32,199
31,198
30,198
29,197
28,196
27,196
26,195
25,194
24,194
23,193
22,192
21,192
20,191
19,190
18,190
17,189
16,188
15,188
14,187
13,186
12,186
11,185
11,185
12,185
13,186
14,186
15,187
16,187
17,188
18,188
19,189
20,189
21,190
22,190
23,191
24,191
25,192
26,192
27,193
28,193
29,194
30,194
31,195
32,195
33,196
34,196
35,197
36,197
37,198
38,198
39,199
40,199
41,200
42,200
43,201
44,201
45,202
46,202
47,203
48,203
49,204
50,204
51,205
52,205
53,206
54,206
55,207
56,207
57,208
58,208
59,209
60,209
61,210
62,210
63,211
64,211
65,212
66,212
67,213
68,213
69,214
70,214
71,215
72,215
73,216
74,216
75,217
76,217
77,218
77,218
78,217
78,216
79,215
79,214
80,213
80,212
81,211
81,210
81,210
80,209
79,208
78,207
78,206
77,205
76,204
75,203
74,202
73,201
73,200
72,199
71,198
70,197
69,196
68,195
68,194
67,193
66,192
65,191
64,190
63,189
63,188
62,187
61,186
60,185
59,184
58,183
58,182
57,181
56,180
55,179
54,178
53,177
53,176
52,175
51,174
50,173
49,172
48,171
48,170
47,169
46,168
45,167
44,166
43,165
43,164
42,163
41,162
40,161
39,160
38,159
38,158
37,157
36,156
36,156
37,157
38,158
39,159
40,160
41,160
42,161
43,162
44,163
45,164
46,165
47,166
48,167
49,167
50,168
51,169
52,170
53,171
54,172
55,173
56,174
57,175
58,175
59,176
60,177
61,178
62,179
63,180
64,181
65,182
66,183
67,183
68,184
69,185
70,186
71,187
72,188
73,189
74,190
75,190
76,191
77,192
78,193
79,194
80,195
81,196
82,197
83,198
84,198
85,199
86,200
87,201
88,202
88,202
89,201
90,200
91,199
92,198
93,197
94,196
95,195
96,194
80,319
79,319
78,318
77,318
76,317
75,317
74,317
73,316
72,316
71,316
70,315
69,315
68,314
67,314
67,314
66,313
65,312
64,311
63,310
62,309
61,308
60,307
59,306
59,306
58,306
57,306
56,305
55,305
54,305
53,305
52,304
51,304
50,304
49,304
48,304
47,303
46,303
45,303
45,303
46,302
47,302
48,301
49,301
50,300
51,300
52,299
53,299
54,298
54,298
55,297
56,296
56,295
57,294
58,293
59,292
60,291
60,290
61,289
62,288
63,287
63,286
64,285
65,284
65,284
64,284
63,285
62,285
61,286
60,286
59,287
58,287
57,287
56,288
55,288
54,289
53,289
52,290
51,290
51,290
50,290
49,290
48,289
47,289
46,289
45,289
44,289
43,289
42,288
41,288
40,288
39,288
38,288
37,287
36,287
35,287
34,287
33,287
32,287
31,286
30,286
29,286
28,286
27,286
26,285
25,285
24,285
23,285
22,285
21,285
20,284
19,284
18,284
17,284
16,284
15,283
14,283
13,283
12,283
11,283
10,283
9,282
8,282
7,282
7,282
8,282
9,282
10,282
11,282
12,282
13,282
14,282
15,282
16,282
17,282
18,282
19,282
20,282
21,282
22,282
23,282
24,282
25,282
26,282
27,282
28,282
29,282
30,282
31,282
32,282
33,282
34,282
35,282
36,282
37,282
38,282
39,282
40,282
41,282
42,282
43,282
44,282
45,282
46,282
47,282
48,282
49,282
50,282
51,282
51,282
52,282
53,281
54,281
55,280
56,280
57,279
58,279
59,278
60,278
61,277
62,277
63,276
64,276
65,275
66,275
67,274
68,274
68,274
67,274
66,274
65,274
64,274
63,274
62,274
61,274
60,274
59,274
58,274
57,274
56,274
55,274
54,274
53,274
52,274
51,274
51,274
50,274
49,273
48,273
47,272
46,272
45,271
44,271
43,270
42,270
41,269
40,269
39,268
38,268
37,268
36,267
35,267
34,266
33,266
32,265
31,265
30,264
29,264
28,263
27,263
26,262
25,262
24,261
23,261
22,261
21,260
20,260
19,259
18,259
17,258
16,258
15,257
14,257
13,256
12,256
11,255
10,255
10,255
11,255
12,256
13,256
14,256
15,256
16,257
17,257
18,257
19,257
20,258
21,258
22,258
23,258
24,259
25,259
26,259
27,259
28,260
29,260
30,260
31,260
32,261
33,261
34,261
35,261
36,262
37,262
38,262
39,262
40,263
41,263
42,263
43,263
44,264
45,264
46,264
47,264
48,265
49,265
50,265
51,265
52,266
53,266
53,266
54,266
55,266
56,266
57,266
58,266
59,266
60,266
61,266
62,266
63,265
64,265
65,265
66,265
67,265
68,265
69,265
70,265
71,265
71,265
70,264
69,264
68,263
67,263
66,262
65,262
64,261
63,261
62,260
61,260
60,259
59,259
58,258
57,258
57,258
56,257
55,257
54,256
53,255
52,254
51,254
50,253
49,252
48,252
47,251
46,250
45,249
44,249
43,248
42,247
41,247
40,246
39,245
38,244
37,244
36,243
35,242
34,241
33,241
32,240
31,239
30,239
29,238
28,237
27,236
26,236
25,235
24,234
23,234
22,233
21,232
20,231
19,231
18,230
17,229
16,229
15,228
14,227
13,226
12,226
11,225
11,225
12,225
13,226
14,226
15,227
16,227
17,228
18,228
19,229
20,229
21,230
22,230
23,231
24,231
25,232
26,232
27,233
28,233
29,234
30,234
31,235
32,235
33,236
34,236
35,237
36,237
37,238
38,238
39,239
40,239
41,240
42,240
43,241
44,241
45,242
46,242
47,243
48,243
49,244
50,244
51,245
52,245
53,246
54,246
55,247
56,247
57,248
58,248
59,249
60,249
61,250
61,250
62,250
63,250
64,249
65,249
66,249
67,249
68,249
69,248
70,248
71,248
72,248
73,247
74,247
75,247
75,247
74,246
73,246
72,245
71,245
70,244
69,244
68,243
67,243
66,242
65,242
65,242
64,241
63,241
62,240
61,239
60,239
59,238
58,237
57,237
56,236
55,235
54,234
53,234
52,233
51,232
50,232
49,231
48,230
47,230
46,229
45,228
44,228
43,227
42,226
41,226
40,225
39,224
38,223
37,223
36,222
35,221
34,221
33,220
32,219
31,219
30,218
29,217
28,217
27,216
26,215
25,215
24,214
23,213
22,213
21,212
20,211
19,210
18,210
17,209
16,208
15,208
14,207
13,206
12,206
11,205
11,205
12,205
13,206
14,206
15,207
16,207
17,208
18,208
19,209
20,209
21,210
22,210
23,211
24,211
25,212
26,212
27,213
28,213
29,214
30,214
31,215
32,215
33,216
34,216
35,217
36,217
37,218
38,218
39,219
40,219
41,220
42,220
43,221
44,221
45,222
46,222
47,223
48,223
49,224
50,224
51,225
52,225
53,226
54,226
55,227
56,227
57,228
58,228
59,229
60,229
61,230
62,230
63,231
64,231
65,232
66,232
67,233
68,233
69,234
69,234
70,234
71,233
72,233
73,232
74,232
75,231
76,231
77,230
78,230
79,229
80,229
80,229
79,229
78,228
77,228
76,227
75,227
74,226
73,226
73,226
72,225
71,225
70,224
69,223
68,223
67,222
66,221
65,221
64,220
63,219
62,219
61,218
60,217
59,217
58,216
57,215
56,215
55,214
54,213
53,213
52,212
51,211
50,211
49,210
48,209
47,209
46,208
45,207
44,207
43,206
42,205
41,205
40,204
39,204
38,203
37,202
36,202
35,201
34,200
33,200
32,199
31,198
30,198
29,197
28,196
27,196
26,195
25,194
24,194
23,193
22,192
21,192
20,191
19,190
18,190
17,189
16,188
15,188
14,187
13,186
12,186
11,185
11,185
12,185
13,186
14,186
15,187
16,187
17,188
18,188
19,189
20,189
21,190
22,190
23,191
24,191
25,192
26,192
27,193
28,193
29,194
30,194
31,195
32,195
33,196
34,196
35,197
36,197
37,198
38,198
39,199
40,199
41,200
42,200
43,201
44,201
45,202
46,202
47,203
48,203
49,204
50,204
51,205
52,205
53,206
54,206
55,207
56,207
57,208
58,208
59,209
60,209
61,210
62,210
63,211
64,211
65,212
66,212
67,213
68,213
69,214
70,214
71,215
72,215
73,216
74,216
75,217
76,217
77,218
77,218
78,217
78,216
79,215
79,214
80,213
80,212
81,211
81,210
81,210
80,209
79,208
78,207
78,206
77,205
76,204
75,203
74,202
73,201
73,200
72,199
71,198
70,197
69,196
68,195
68,194
67,193
66,192
65,191
64,190
63,189
63,188
62,187
61,186
60,185
59,184
58,183
58,182
57,181
56,180
55,179
54,178
53,177
53,176
52,175
51,174
50,173
49,172
48,171
48,170
47,169
46,168
45,167
44,166
43,165
43,164
42,163
41,162
40,161
39,160
38,159
38,158
37,157
36,156
36,156
37,157
38,158
39,159
40,160
41,160
42,161
43,162
44,163
45,164
46,165
47,166
48,167
49,167
50,168
51,169
52,170
53,171
54,172
55,173
56,174
57,175
58,175
59,176
60,177
61,178
62,179
63,180
64,181
65,182
66,183
67,183
68,184
69,185
70,186
71,187
72,188
73,189
74,190
75,190
76,191
77,192
78,193
79,194
80,195
81,196
82,197
83,198
84,198
85,199
86,200
87,201
88,202
88,202
89,201
90,200
91,199
92,198
93,197
94,196
95,195
96,194
96,194
97,193
98,192
99,191
100,190
101,189
102,188
103,187
103,186
104,185
105,184
106,183
107,182
108,181
109,180
109,180
110,179
111,179
112,178
113,177
114,176
115,176
116,175
117,174
117,174
118,173
119,173
120,172
121,172
122,171
123,170
124,170
125,169
125,169
124,168
123,167
122,166
122,165
121,164
120,163
119,162
118,161
117,160
116,159
116,158
115,157
114,156
113,155
113,155
112,154
112,153
111,152
110,151
110,150
109,149
109,148
108,147
108,147
107,147
106,146
105,146
104,145
103,145
102,144
101,144
100,143
99,143
98,142
97,142
96,141
95,141
94,140
93,140
92,139
91,139
90,139
89,138
88,138
87,137
86,137
85,136
84,136
83,135
82,135
81,134
80,134
79,133
78,133
77,132
76,132
75,132
74,131
73,131
72,130
71,130
70,129
69,129
68,128
67,128
66,127
65,127
64,126
63,126
62,125
61,125
60,124
59,124
58,124
57,123
56,123
55,122
54,122
53,121
52,121
51,120
50,120
49,119
48,119
47,118
46,118
45,117
44,117
43,116
42,116
41,116
40,115
39,115
38,114
37,114
36,113
35,113
34,112
33,112
32,111
31,111
30,110
29,110
28,109
27,109
26,109
25,108
24,108
23,107
22,107
21,106
20,106
19,105
18,105
17,104
16,104
15,103
14,103
13,102
12,102
11,101
10,101
10,101
11,101
12,102
13,102
14,103
15,103
16,103
17,104
18,104
19,104
20,105
21,105
22,106
23,106
24,106
25,107
26,107
27,107
28,108
29,108
30,109
31,109
32,109
33,110
34,110
35,110
36,111
37,111
38,112
39,112
40,112
41,113
42,113
43,113
44,114
45,114
46,115
47,115
48,115
49,116
50,116
51,116
52,117
53,117
54,118
55,118
56,118
57,119
58,119
59,119
60,120
61,120
62,121
63,121
64,121
65,122
66,122
67,122
68,123
69,123
70,124
71,124
72,124
73,125
74,125
75,125
76,126
77,126
78,127
79,127
80,127
81,128
82,128
83,128
84,129
85,129
86,130
87,130
88,130
89,131
90,131
91,131
92,132
93,132
94,133
95,133
96,133
97,134
98,134
99,134
100,135
101,135
102,136
103,136
104,136
105,137
106,137
107,137
108,138
109,138
110,139
111,139
111,139
112,139
113,139
114,139
115,139
116,139
117,139
118,139
119,139
120,139
121,139
122,139
123,139
124,139
125,139
126,139
127,139
128,139
129,139
130,139
131,139
131,139
130,138
129,138
128,137
127,137
126,136
125,136
124,135
123,135
122,134
121,134
120,133
119,133
118,132
117,132
116,131
115,131
115,131
114,130
113,130
112,129
111,129
110,128
109,127
108,127
107,126
106,126
105,125
104,124
103,124
102,123
101,123
100,122
99,121
98,121
97,120
96,120
95,119
94,118
93,118
92,117
91,117
90,116
89,115
88,115
87,114
86,114
85,113
84,113
83,112
82,111
81,111
80,110
79,110
78,109
77,108
76,108
75,107
74,107
73,106
72,105
71,105
70,104
69,104
68,103
67,102
66,102
65,101
64,101
63,100
62,99
61,99
60,98
59,98
58,97
57,96
56,96
55,95
54,95
53,94
52,93
51,93
50,92
49,92
48,91
47,90
46,90
45,89
44,89
43,88
42,87
41,87
40,86
39,86
38,85
37,84
36,84
35,83
34,83
33,82
32,82
31,81
30,80
29,80
28,79
27,79
26,78
25,77
24,77
23,76
22,76
21,75
20,74
19,74
18,73
17,73
16,72
15,71
14,71
13,70
12,70
11,69
11,69
12,69
13,70
14,70
15,71
16,71
17,72
18,72
19,73
20,73
21,74
22,74
23,75
24,75
25,76
26,76
27,77
28,77
29,78
30,78
31,79
32,79
33,80
34,80
35,81
36,81
37,82
38,82
39,83
40,83
41,84
42,84
43,85
44,85
45,86
46,86
47,87
48,87
49,88
50,88
51,89
52,89
53,90
54,90
55,91
56,91
57,92
58,92
59,93
60,93
61,94
62,94
63,95
64,95
65,96
66,96
67,97
68,97
69,98
70,98
71,99
72,99
73,100
74,100
75,101
76,101
77,102
78,102
79,103
80,103
81,104
82,104
83,105
84,105
85,106
86,106
87,107
88,107
89,108
90,108
91,109
92,109
93,110
94,110
95,111
96,111
97,112
98,112
99,113
100,113
101,114
102,114
103,115
104,115
105,116
106,116
107,117
108,117
109,118
110,118
111,119
112,119
113,120
114,120
115,121
116,121
117,122
118,122
119,123
119,123
120,122
121,122
122,121
123,120
124,119
125,119
126,118
126,118
126,117
125,116
125,115
124,114
124,113
124,112
123,111
123,110
122,109
122,108
121,107
121,106
121,105
120,104
120,103
119,102
119,101
119,100
118,99
118,98
117,97
117,96
117,95
116,94
116,93
115,92
115,91
115,90
114,89
114,88
113,87
113,86
112,85
112,84
112,83
111,82
111,81
110,80
110,79
110,78
109,77
109,76
108,75
108,74
108,73
107,72
107,71
106,70
106,69
106,68
105,67
105,66
104,65
104,64
103,63
103,62
103,61
102,60
102,59
101,58
101,57
101,56
100,55
100,54
99,53
99,52
99,51
98,50
98,49
97,48
97,47
97,46
96,45
96,44
95,43
95,42
94,41
94,40
94,39
93,38
93,37
92,36
92,35
92,34
91,33
91,32
90,31
90,30
90,29
89,28
89,27
88,26
88,25
88,24
87,23
87,22
86,21
86,20
85,19
85,18
85,17
84,16
84,15
83,14
83,13
83,12
82,11
82,10
81,9
81,8
81,8
81,9
82,10
82,11
83,12
83,13
84,14
84,15
85,16
85,17
86,18
86,19
87,20
87,21
88,22
88,23
89,24
89,25
90,26
90,27
91,28
91,29
92,30
92,31
93,32
93,33
94,34
94,35
95,36
95,37
96,38
96,39
97,40
97,41
98,42
98,43
99,44
99,45
100,46
100,47
101,48
101,49
102,50
102,51
103,52
103,53
104,54
104,55
105,56
105,57
106,58
106,59
107,60
107,61
108,62
108,63
109,64
109,65
110,66
110,67
111,68
111,69
112,70
112,71
113,72
113,73
114,74
114,75
115,76
115,77
116,78
116,79
117,80
117,81
118,82
118,83
119,84
119,85
120,86
120,87
121,88
121,89
122,90
122,91
123,92
123,93
124,94
124,95
125,96
125,97
126,98
126,99
127,100
127,101
128,102
128,103
129,104
129,105
130,106
130,107
131,108
131,109
132,110
132,111
133,112
133,113
134,114
134,114
135,115
136,116
137,117
138,118
139,119
140,120
141,121
142,122
143,123
144,123
145,124
146,125
147,126
148,127
149,128
150,129
151,130
152,131
153,132
153,132
152,131
152,130
151,129
151,128
150,127
150,126
149,125
149,124
148,123
148,122
147,121
147,120
146,119
146,118
145,117
145,116
144,115
144,114
143,113
143,112
142,111
142,110
142,110
142,109
141,108
141,107
140,106
140,105
140,104
139,103
139,102
138,101
138,100
138,99
137,98
137,97
136,96
136,95
136,94
135,93
135,92
134,91
134,90
134,89
133,88
133,87
132,86
132,85
132,84
131,83
131,82
130,81
130,80
130,79
129,78
129,77
128,76
128,75
128,74
127,73
127,72
126,71
126,70
126,69
125,68
125,67
124,66
124,65
124,64
123,63
123,62
122,61
122,60
121,59
121,58
121,57
120,56
120,55
119,54
119,53
119,52
118,51
118,50
117,49
117,48
117,47
116,46
116,45
115,44
115,43
115,42
114,41
114,40
113,39
113,38
113,37
112,36
112,35
111,34
111,33
111,32
110,31
110,30
109,29
109,28
109,27
108,26
108,25
107,24
107,23
107,22
106,21
106,20
105,19
105,18
105,17
104,16
104,15
103,14
103,13
103,12
102,11
102,10
101,9
101,8
101,8
101,9
102,10
102,11
103,12
103,13
104,14
104,15
105,16
105,17
106,18
106,19
107,20
107,21
108,22
108,23
109,24
109,25
110,26
110,27
111,28
111,29
112,30
112,31
113,32
113,33
114,34
114,35
115,36
115,37
116,38
116,39
117,40
117,41
118,42
118,43
119,44
119,45
120,46
120,47
121,48
121,49
122,50
122,51
123,52
123,53
124,54
124,55
125,56
125,57
126,58
126,59
127,60
127,61
128,62
128,63
129,64
129,65
130,66
130,67
131,68
131,69
132,70
132,71
133,72
133,73
134,74
134,75
135,76
135,77
136,78
136,79
137,80
137,81
138,82
138,83
139,84
139,85
140,86
140,87
141,88
141,89
142,90
142,91
143,92
143,93
144,94
144,95
145,96
145,97
146,98
146,99
147,100
147,101
148,102
148,103
149,104
149,105
150,106
150,106
151,107
152,108
153,109
154,110
155,111
156,112
157,113
158,114
159,115
160,116
160,117
161,118
162,119
163,120
164,121
165,122
166,123
167,124
168,125
169,126
170,127
171,128
171,128
170,127
170,126
169,125
169,124
168,123
168,122
167,121
167,120
166,119
166,118
165,117
165,116
164,115
164,114
163,113
163,112
162,111
162,110
161,109
161,108
160,107
160,106
159,105
159,104
158,103
158,102
158,102
158,101
157,100
157,99
156,98
156,97
156,96
155,95
155,94
154,93
154,92
154,91
153,90
153,89
152,88
152,87
152,86
151,85
151,84
151,83
150,82
150,81
149,80
149,79
149,78
148,77
148,76
147,75
147,74
147,73
146,72
146,71
145,70
145,69
145,68
144,67
144,66
143,65
143,64
143,63
142,62
142,61
141,60
141,59
141,58
140,57
140,56
139,55
139,54
139,53
138,52
138,51
138,50
137,49
137,48
136,47
136,46
136,45
135,44
135,43
134,42
134,41
134,40
133,39
133,38
132,37
132,36
132,35
131,34
131,33
130,32
130,31
130,30
129,29
129,28
128,27
128,26
128,25
127,24
127,23
127,22
126,21
126,20
125,19
125,18
125,17
124,16
124,15
123,14
123,13
123,12
122,11
122,10
121,9
121,8
121,8
121,9
122,10
122,11
123,12
123,13
124,14
124,15
125,16
125,17
126,18
126,19
127,20
127,21
128,22
128,23
129,24
129,25
130,26
130,27
131,28
131,29
132,30
132,31
133,32
133,33
134,34
134,35
135,36
135,37
136,38
136,39
137,40
137,41
138,42
138,43
139,44
139,45
140,46
140,47
141,48
141,49
142,50
142,51
143,52
143,53
144,54
144,55
145,56
145,57
146,58
146,59
147,60
147,61
148,62
148,63
149,64
149,65
150,66
150,67
151,68
151,69
152,70
152,71
153,72
153,73
154,74
154,75
155,76
155,77
156,78
156,79
157,80
157,81
158,82
158,83
159,84
159,85
160,86
160,87
161,88
161,89
162,90
162,91
163,92
163,93
164,94
164,95
165,96
165,97
166,98
166,98
167,99
168,100
169,101
170,102
170,103
171,104
172,105
173,106
174,107
175,108
176,109
177,110
177,111
178,112
179,113
180,114
181,115
182,116
183,117
184,118
185,119
185,120
186,121
187,122
188,123
189,124
189,124
188,123
188,122
187,121
187,120
186,119
186,118
185,117
185,116
184,115
184,114
183,113
183,112
182,111
182,110
181,109
181,108
180,107
180,106
179,105
179,104
178,103
178,102
177,101
177,100
176,99
176,98
175,97
175,96
174,95
174,94
174,94
174,93
173,92
173,91
172,90
172,89
172,88
171,87
171,86
171,85
170,84
170,83
169,82
169,81
169,80
168,79
168,78
167,77
167,76
167,75
166,74
166,73
166,72
165,71
165,70
164,69
164,68
164,67
163,66
163,65
162,64
162,63
162,62
161,61
161,60
161,59
160,58
160,57
159,56
159,55
159,54
158,53
158,52
157,51
157,50
157,49
156,48
156,47
156,46
155,45
155,44
154,43
154,42
154,41
153,40
153,39
153,38
152,37
152,36
151,35
151,34
151,33
150,32
150,31
149,30
149,29
149,28
148,27
148,26
148,25
147,24
147,23
146,22
146,21
146,20
145,19
145,18
144,17
144,16
144,15
143,14
143,13
143,12
142,11
142,10
141,9
141,8
141,8
141,9
142,10
142,11
143,12
143,13
144,14
144,15
145,16
145,17
146,18
146,19
147,20
147,21
148,22
148,23
149,24
149,25
150,26
150,27
151,28
151,29
152,30
152,31
153,32
153,33
154,34
154,35
155,36
155,37
156,38
156,39
157,40
157,41
158,42
158,43
159,44
159,45
160,46
160,47
161,48
161,49
162,50
162,51
163,52
163,53
164,54
164,55
165,56
165,57
166,58
166,59
167,60
167,61
168,62
168,63
169,64
169,65
170,66
170,67
171,68
171,69
172,70
172,71
173,72
173,73
174,74
174,75
175,76
175,77
176,78
176,79
177,80
177,81
178,82
178,83
179,84
179,85
180,86
180,87
181,88
181,89
182,90
182,90
183,91
184,92
184,93
185,94
186,95
187,96
188,97
189,98
189,99
190,100
191,101
192,102
193,103
194,104
194,105
195,106
196,107
197,108
198,109
199,110
199,111
200,112
201,113
202,114
203,115
204,116
204,117
205,118
206,119
207,120
207,120
206,119
206,118
205,117
205,116
204,115
204,114
203,113
203,112
202,111
202,110
201,109
201,108
200,107
200,106
199,105
199,104
198,103
198,102
197,101
197,100
196,99
196,98
195,97
195,96
194,95
194,94
193,93
193,92
192,91
192,90
191,89
191,88
190,87
190,86
190,86
190,85
189,84
189,83
188,82
188,81
188,80
187,79
187,78
187,77
186,76
186,75
185,74
185,73
185,72
184,71
184,70
184,69
183,68
183,67
182,66
182,65
182,64
181,63
181,62
181,61
180,60
180,59
179,58
179,57
179,56
178,55
178,54
177,53
177,52
177,51
176,50
176,49
176,48
175,47
175,46
174,45
174,44
174,43
173,42
173,41
173,40
172,39
172,38
171,37
171,36
171,35
170,34
170,33
169,32
169,31
169,30
168,29
168,28
168,27
167,26
167,25
166,24
166,23
166,22
165,21
165,20
165,19
164,18
164,17
163,16
163,15
163,14
162,13
162,12
162,11
161,10
161,9
160,8
160,7
160,7
161,8
161,9
162,10
162,11
163,12
163,13
164,14
164,15
165,16
165,17
166,18
166,19
167,20
167,21
168,22
168,23
169,24
169,25
170,26
170,27
171,28
171,29
172,30
172,31
173,32
173,33
174,34
174,35
175,36
175,37
176,38
176,39
177,40
177,41
178,42
178,43
179,44
179,45
180,46
180,47
181,48
181,49
182,50
182,51
183,52
183,53
184,54
184,55
185,56
185,57
186,58
186,59
187,60
187,61
188,62
188,63
189,64
189,65
190,66
190,67
191,68
191,69
192,70
192,71
193,72
193,73
194,74
194,75
195,76
195,77
196,78
196,79
197,80
197,81
198,82
198,82
199,83
200,84
200,85
201,86
202,87
203,88
204,89
204,90
205,91
206,92
207,93
208,94
208,95
209,96
210,97
211,98
211,99
212,100
213,101
214,102
215,103
215,104
216,105
217,106
218,107
219,108
219,109
220,110
221,111
222,112
223,113
223,114
224,115
225,116
225,116
224,115
224,114
223,113
223,112
222,111
222,110
221,109
221,108
220,107
220,106
219,105
219,104
218,103
218,102
217,101
217,100
216,99
216,98
215,97
215,96
214,95
214,94
213,93
213,92
212,91
212,90
211,89
211,88
210,87
210,86
209,85
209,84
208,83
208,82
207,81
207,80
206,79
206,78
206,78
206,77
205,76
205,75
205,74
204,73
204,72
203,71
203,70
203,69
202,68
202,67
202,66
201,65
201,64
201,63
200,62
200,61
199,60
199,59
199,58
198,57
198,56
198,55
197,54
197,53
196,52
196,51
196,50
195,49
195,48
195,47
194,46
194,45
194,44
193,43
193,42
192,41
192,40
192,39
191,38
191,37
191,36
190,35
190,34
190,33
189,32
189,31
188,30
188,29
188,28
187,27
187,26
187,25
186,24
186,23
185,22
185,21
185,20
184,19
184,18
184,17
183,16
183,15
183,14
182,13
182,12
181,11
181,10
181,9
180,8
180,7
180,7
181,8
181,9
182,10
182,11
183,12
183,13
184,14
184,15
185,16
185,17
186,18
186,19
187,20
187,21
188,22
188,23
189,24
189,25
190,26
190,27
191,28
191,29
192,30
192,31
193,32
193,33
194,34
194,35
195,36
195,37
196,38
196,39
197,40
197,41
198,42
198,43
199,44
199,45
200,46
200,47
201,48
201,49
202,50
202,51
203,52
203,53
204,54
204,55
205,56
205,57
206,58
206,59
207,60
207,61
208,62
208,63
209,64
209,65
210,66
210,67
211,68
211,69
212,70
212,71
213,72
213,73
214,74
214,74
215,75
216,76
217,77
217,78
218,79
219,80
220,81
221,82
222,83
222,84
223,85
224,86
225,87
226,88
227,89
227,90
228,91
229,92
230,93
230,93
230,92
229,91
229,90
229,89
228,88
228,87
227,86
227,85
227,84
226,83
226,82
226,81
225,80
225,79
225,78
224,77
224,76
223,75
223,74
223,73
222,72
222,71
222,71
222,70
222,69
222,68
223,67
223,66
223,65
223,64
223,63
223,62
223,61
223,60
224,59
224,58
224,57
224,56
224,55
224,54
224,53
224,52
225,51
225,50
225,49
225,48
225,47
225,46
225,45
225,44
226,43
226,42
226,41
226,40
226,39
226,38
226,37
226,36
227,35
227,34
227,33
227,32
227,31
227,30
227,29
227,28
228,27
228,26
228,25
228,24
228,23
228,22
228,21
228,20
229,19
229,18
229,17
229,16
229,15
229,14
229,13
229,12
230,11
230,10
230,9
230,8
230,7
230,7
230,8
230,9
230,10
230,11
230,12
230,13
230,14
230,15
230,16
230,17
230,18
230,19
230,20
230,21
230,22
230,23
230,24
230,25
230,26
230,27
230,28
230,29
230,30
230,31
230,32
230,33
230,34
230,35
230,36
230,37
230,38
230,39
230,40
230,41
230,42
230,43
230,44
230,45
230,46
230,47
230,48
230,49
230,50
230,51
230,52
230,53
230,54
230,55
230,56
230,57
230,58
230,59
230,60
230,61
230,62
230,63
230,64
230,65
230,66
230,67
230,68
230,69
230,70
230,71
230,71
231,71
232,71
233,71
234,71
235,71
236,71
237,71
238,71
238,71
238,70
238,69
238,68
239,67
239,66
239,65
239,64
239,63
239,62
239,61
239,60
240,59
240,58
240,57
240,56
240,55
240,54
240,53
240,52
241,51
241,50
241,49
241,48
241,47
241,46
241,45
241,44
242,43
242,42
242,41
242,40
242,39
242,38
242,37
242,36
243,35
243,34
243,33
243,32
243,31
243,30
243,29
243,28
244,27
244,26
244,25
244,24
244,23
244,22
244,21
244,20
245,19
245,18
245,17
245,16
245,15
245,14
245,13
245,12
246,11
246,10
246,9
246,8
246,7
246,7
246,8
246,9
246,10
246,11
246,12
246,13
246,14
246,15
246,16
246,17
246,18
246,19
246,20
246,21
246,22
246,23
246,24
246,25
246,26
246,27
246,28
246,29
246,30
246,31
246,32
246,33
246,34
246,35
246,36
246,37
246,38
246,39
246,40
246,41
246,42
246,43
246,44
246,45
246,46
246,47
246,48
246,49
246,50
246,51
246,52
246,53
246,54
246,55
246,56
246,57
246,58
246,59
246,60
246,61
246,62
246,63
246,64
246,65
246,66
246,67
246,68
246,69
246,70
246,71
246,71
247,71
248,71
249,71
250,71
251,72
252,72
253,72
254,72
254,72
254,71
254,70
254,69
254,68
255,67
255,66
255,65
255,64
255,63
255,62
255,61
255,60
256,59
256,58
256,57
256,56
256,55
256,54
256,53
256,52
257,51
257,50
257,49
257,48
257,47
257,46
257,45
257,44
258,43
258,42
258,41
258,40
258,39
258,38
258,37
258,36
259,35
259,34
259,33
259,32
259,31
259,30
259,29
259,28
260,27
260,26
260,25
260,24
260,23
260,22
260,21
260,20
261,19
261,18
261,17
261,16
261,15
261,14
261,13
261,12
262,11
262,10
262,9
262,8
262,7
262,7
262,8
262,9
262,10
262,11
262,12
262,13
262,14
262,15
262,16
262,17
262,18
262,19
262,20
262,21
262,22
262,23
262,24
262,25
262,26
262,27
262,28
262,29
262,30
262,31
262,32
262,33
262,34
262,35
262,36
262,37
262,38
262,39
262,40
262,41
262,42
262,43
262,44
262,45
262,46
262,47
262,48
262,49
262,50
262,51
262,52
262,53
262,54
262,55
262,56
262,57
262,58
262,59
262,60
262,61
262,62
262,63
262,64
262,65
262,66
262,67
262,68
262,69
262,70
262,71
262,72
262,72
262,73
261,74
261,75
261,76
260,77
260,78
260,79
259,80
259,81
259,82
259,83
258,84
258,85
258,86
257,87
257,88
257,89
256,90
256,91
256,92
255,93
255,94
255,94
256,93
257,92
258,91
259,90
260,89
261,88
262,87
263,87
264,86
265,85
266,84
267,83
268,82
269,81
270,80
270,80
270,79
270,78
270,77
270,76
271,75
271,74
271,73
271,72
271,71
271,70
271,69
271,68
271,67
272,66
272,65
272,64
272,63
272,62
272,61
272,60
272,59
272,58
273,57
273,56
273,55
273,54
273,53
273,52
273,51
273,50
273,49
274,48
274,47
274,46
274,45
274,44
274,43
274,42
274,41
274,40
274,39
275,38
275,37
275,36
275,35
275,34
275,33
275,32
275,31
275,30
276,29
276,28
276,27
276,26
276,25
276,24
276,23
276,22
276,21
277,20
277,19
277,18
277,17
277,16
277,15
277,14
277,13
277,12
278,11
278,10
278,9
278,8
278,7
278,7
278,8
278,9
278,10
278,11
278,12
278,13
278,14
278,15
278,16
278,17
278,18
278,19
278,20
278,21
278,22
278,23
278,24
278,25
278,26
278,27
278,28
278,29
278,30
278,31
278,32
278,33
278,34
278,35
278,36
278,37
278,38
278,39
278,40
278,41
278,42
278,43
278,44
278,45
278,46
278,47
278,48
278,49
278,50
278,51
278,52
278,53
278,54
278,55
278,56
278,57
278,58
278,59
278,60
278,61
278,62
278,63
278,64
278,65
278,66
278,67
278,68
278,69
278,70
278,71
278,72
278,73
278,74
278,75
278,76
278,77
278,78
278,79
278,80
278,80
279,80
280,80
281,81
282,81
283,81
284,81
285,82
286,82
286,82
286,81
287,80
287,79
288,78
288,77
289,76
289,75
290,74
290,73
291,72
291,71
292,70
292,69
293,68
293,67
294,66
294,65
295,64
295,63
296,62
296,61
297,60
297,59
298,58
298,57
299,56
299,55
300,54
300,53
301,52
301,51
302,50
302,49
303,48
303,47
304,46
304,45
305,44
305,43
306,42
306,41
307,40
307,39
308,38
308,37
309,36
309,35
310,34
310,33
311,32
311,31
312,30
312,29
313,28
313,27
314,26
314,25
315,24
315,23
316,22
316,21
317,20
317,19
318,18
318,17
319,16
319,15
320,14
320,13
321,12
321,11
321,11
321,12
320,13
320,14
320,15
319,16
319,17
318,18
318,19
318,20
317,21
317,22
317,23
316,24
316,25
316,26
315,27
315,28
314,29
314,30
314,31
313,32
313,33
313,34
312,35
312,36
312,37
311,38
311,39
310,40
310,41
310,42
309,43
309,44
309,45
308,46
308,47
308,48
307,49
307,50
306,51
306,52
306,53
305,54
305,55
305,56
304,57
304,58
303,59
303,60
303,61
302,62
302,63
302,64
301,65
301,66
301,67
300,68
300,69
299,70
299,71
299,72
298,73
298,74
298,75
297,76
297,77
297,78
296,79
296,80
295,81
295,82
295,83
294,84
294,85
294,85
293,86
292,87
291,88
290,89
289,90
288,91
287,92
286,93
285,93
284,94
283,95
282,96
281,97
280,98
279,99
278,100
277,101
276,102
275,103
274,104
273,105
272,106
271,107
270,108
269,108
268,109
267,110
266,111
265,112
264,113
263,114
262,115
262,115
263,114
264,114
265,113
266,113
267,112
268,111
269,111
270,110
271,110
272,109
273,108
274,108
275,107
276,107
277,106
278,105
279,105
280,104
281,104
282,103
283,103
284,102
285,101
286,101
287,100
288,100
289,99
290,98
291,98
292,97
293,97
294,96
295,95
296,95
297,94
298,94
299,93
125,169
124,168
123,167
122,166
122,165
121,164
120,163
119,162
118,161
117,160
116,159
116,158
115,157
114,156
113,155
113,155
112,154
112,153
111,152
110,151
110,150
109,149
109,148
108,147
108,147
107,147
106,146
105,146
104,145
103,145
102,144
101,144
100,143
99,143
98,142
97,142
96,141
95,141
94,140
93,140
92,139
91,139
90,139
89,138
88,138
87,137
86,137
85,136
84,136
83,135
82,135
81,134
80,134
79,133
78,133
77,132
76,132
75,132
74,131
73,131
72,130
71,130
70,129
69,129
68,128
67,128
66,127
65,127
64,126
63,126
62,125
61,125
60,124
59,124
58,124
57,123
56,123
55,122
54,122
53,121
52,121
51,120
50,120
49,119
48,119
47,118
46,118
45,117
44,117
43,116
42,116
41,116
40,115
39,115
38,114
37,114
36,113
35,113
34,112
33,112
32,111
31,111
30,110
29,110
28,109
27,109
26,109
25,108
24,108
23,107
22,107
21,106
20,106
19,105
18,105
17,104
16,104
15,103
14,103
13,102
12,102
11,101
10,101
10,101
11,101
12,102
13,102
14,103
15,103
16,103
17,104
18,104
19,104
20,105
21,105
22,106
23,106
24,106
25,107
26,107
27,107
28,108
29,108
30,109
31,109
32,109
33,110
34,110
35,110
36,111
37,111
38,112
39,112
40,112
41,113
42,113
43,113
44,114
45,114
46,115
47,115
48,115
49,116
50,116
51,116
52,117
53,117
54,118
55,118
56,118
57,119
58,119
59,119
60,120
61,120
62,121
63,121
64,121
65,122
66,122
67,122
68,123
69,123
70,124
71,124
72,124
73,125
74,125
75,125
76,126
77,126
78,127
79,127
80,127
81,128
82,128
83,128
84,129
85,129
86,130
87,130
88,130
89,131
90,131
91,131
92,132
93,132
94,133
95,133
96,133
97,134
98,134
99,134
100,135
101,135
102,136
103,136
104,136
105,137
106,137
107,137
108,138
109,138
110,139
111,139
111,139
112,139
113,139
114,139
115,139
116,139
117,139
118,139
119,139
120,139
121,139
122,139
123,139
124,139
125,139
126,139
127,139
128,139
129,139
130,139
131,139
131,139
130,138
129,138
128,137
127,137
126,136
125,136
124,135
123,135
122,134
121,134
120,133
119,133
118,132
117,132
116,131
115,131
115,131
114,130
113,130
112,129
111,129
110,128
109,127
108,127
107,126
106,126
105,125
104,124
103,124
102,123
101,123
100,122
99,121
98,121
97,120
96,120
95,119
94,118
93,118
92,117
91,117
90,116
89,115
88,115
87,114
86,114
85,113
84,113
83,112
82,111
81,111
80,110
79,110
78,109
77,108
76,108
75,107
74,107
73,106
72,105
71,105
70,104
69,104
68,103
67,102
66,102
65,101
64,101
63,100
62,99
61,99
60,98
59,98
58,97
57,96
56,96
55,95
54,95
53,94
52,93
51,93
50,92
49,92
48,91
47,90
46,90
45,89
44,89
43,88
42,87
41,87
40,86
39,86
38,85
37,84
36,84
35,83
34,83
33,82
32,82
31,81
30,80
29,80
28,79
27,79
26,78
25,77
24,77
23,76
22,76
21,75
20,74
19,74
18,73
17,73
16,72
15,71
14,71
13,70
12,70
11,69
11,69
12,69
13,70
14,70
15,71
16,71
17,72
18,72
19,73
20,73
21,74
22,74
23,75
24,75
25,76
26,76
27,77
28,77
29,78
30,78
31,79
32,79
33,80
34,80
35,81
36,81
37,82
38,82
39,83
40,83
41,84
42,84
43,85
44,85
45,86
46,86
47,87
48,87
49,88
50,88
51,89
52,89
53,90
54,90
55,91
56,91
57,92
58,92
59,93
60,93
61,94
62,94
63,95
64,95
65,96
66,96
67,97
68,97
69,98
70,98
71,99
72,99
73,100
74,100
75,101
76,101
77,102
78,102
79,103
80,103
81,104
82,104
83,105
84,105
85,106
86,106
87,107
88,107
89,108
90,108
91,109
92,109
93,110
94,110
95,111
96,111
97,112
98,112
99,113
100,113
101,114
102,114
103,115
104,115
105,116
106,116
107,117
108,117
109,118
110,118
111,119
112,119
113,120
114,120
115,121
116,121
117,122
118,122
119,123
119,123
120,122
121,122
122,121
123,120
124,119
125,119
126,118
126,118
126,117
125,116
125,115
124,114
124,113
124,112
123,111
123,110
122,109
122,108
121,107
121,106
121,105
120,104
120,103
119,102
119,101
119,100
118,99
118,98
117,97
117,96
117,95
116,94
116,93
115,92
115,91
115,90
114,89
114,88
113,87
113,86
112,85
112,84
112,83
111,82
111,81
110,80
110,79
110,78
109,77
109,76
108,75
108,74
108,73
107,72
107,71
106,70
106,69
106,68
105,67
105,66
104,65
104,64
103,63
103,62
103,61
102,60
102,59
101,58
101,57
101,56
100,55
100,54
99,53
99,52
99,51
98,50
98,49
97,48
97,47
97,46
96,45
96,44
95,43
95,42
94,41
94,40
94,39
93,38
93,37
92,36
92,35
92,34
91,33
91,32
90,31
90,30
90,29
89,28
89,27
88,26
88,25
88,24
87,23
87,22
86,21
86,20
85,19
85,18
85,17
84,16
84,15
83,14
83,13
83,12
82,11
82,10
81,9
81,8
81,8
81,9
82,10
82,11
83,12
83,13
84,14
84,15
85,16
85,17
86,18
86,19
87,20
87,21
88,22
88,23
89,24
89,25
90,26
90,27
91,28
91,29
92,30
92,31
93,32
93,33
94,34
94,35
95,36
95,37
96,38
96,39
97,40
97,41
98,42
98,43
99,44
99,45
100,46
100,47
101,48
101,49
102,50
102,51
103,52
103,53
104,54
104,55
105,56
105,57
106,58
106,59
107,60
107,61
108,62
108,63
109,64
109,65
110,66
110,67
111,68
111,69
112,70
112,71
113,72
113,73
114,74
114,75
115,76
115,77
116,78
116,79
117,80
117,81
118,82
118,83
119,84
119,85
120,86
120,87
121,88
121,89
122,90
122,91
123,92
123,93
124,94
124,95
125,96
125,97
126,98
126,99
127,100
127,101
128,102
128,103
129,104
129,105
130,106
130,107
131,108
131,109
132,110
132,111
133,112
133,113
134,114
134,114
135,115
136,116
137,117
138,118
139,119
140,120
141,121
142,122
143,123
144,123
145,124
146,125
147,126
148,127
149,128
150,129
151,130
152,131
153,132
153,132
152,131
152,130
151,129
151,128
150,127
150,126
149,125
149,124
148,123
148,122
147,121
147,120
146,119
146,118
145,117
145,116
144,115
144,114
143,113
143,112
142,111
142,110
142,110
142,109
141,108
141,107
140,106
140,105
140,104
139,103
139,102
138,101
138,100
138,99
137,98
137,97
136,96
136,95
136,94
135,93
135,92
134,91
134,90
134,89
133,88
133,87
132,86
132,85
132,84
131,83
131,82
130,81
130,80
130,79
129,78
129,77
128,76
128,75
128,74
127,73
127,72
126,71
126,70
126,69
125,68
125,67
124,66
124,65
124,64
123,63
123,62
122,61
122,60
121,59
121,58
121,57
120,56
120,55
119,54
119,53
119,52
118,51
118,50
117,49
117,48
117,47
116,46
116,45
115,44
115,43
115,42
114,41
114,40
113,39
113,38
113,37
112,36
112,35
111,34
111,33
111,32
110,31
110,30
109,29
109,28
109,27
108,26
108,25
107,24
107,23
107,22
106,21
106,20
105,19
105,18
105,17
104,16
104,15
103,14
103,13
103,12
102,11
102,10
101,9
101,8
101,8
101,9
102,10
102,11
103,12
103,13
104,14
104,15
105,16
105,17
106,18
106,19
107,20
107,21
108,22
108,23
109,24
109,25
110,26
110,27
111,28
111,29
112,30
112,31
113,32
113,33
114,34
114,35
115,36
115,37
116,38
116,39
117,40
117,41
118,42
118,43
119,44
119,45
120,46
120,47
121,48
121,49
122,50
122,51
123,52
123,53
124,54
124,55
125,56
125,57
126,58
126,59
127,60
127,61
128,62
128,63
129,64
129,65
130,66
130,67
131,68
131,69
132,70
132,71
133,72
133,73
134,74
134,75
135,76
135,77
136,78
136,79
137,80
137,81
138,82
138,83
139,84
139,85
140,86
140,87
141,88
141,89
142,90
142,91
143,92
143,93
144,94
144,95
145,96
145,97
146,98
146,99
147,100
147,101
148,102
148,103
149,104
149,105
150,106
150,106
151,107
152,108
153,109
154,110
155,111
156,112
157,113
158,114
159,115
160,116
160,117
161,118
162,119
163,120
164,121
165,122
166,123
167,124
168,125
169,126
170,127
171,128
171,128
170,127
170,126
169,125
169,124
168,123
168,122
167,121
167,120
166,119
166,118
165,117
165,116
164,115
164,114
163,113
163,112
162,111
162,110
161,109
161,108
160,107
160,106
159,105
159,104
158,103
158,102
158,102
158,101
157,100
157,99
156,98
156,97
156,96
155,95
155,94
154,93
154,92
154,91
153,90
153,89
152,88
152,87
152,86
151,85
151,84
151,83
150,82
150,81
149,80
149,79
149,78
148,77
148,76
147,75
147,74
147,73
146,72
146,71
145,70
145,69
145,68
144,67
144,66
143,65
143,64
143,63
142,62
142,61
141,60
141,59
141,58
140,57
140,56
139,55
139,54
139,53
138,52
138,51
138,50
137,49
137,48
136,47
136,46
136,45
135,44
135,43
134,42
134,41
134,40
133,39
133,38
132,37
132,36
132,35
131,34
131,33
130,32
130,31
130,30
129,29
129,28
128,27
128,26
128,25
127,24
127,23
127,22
126,21
126,20
125,19
125,18
125,17
124,16
124,15
123,14
123,13
123,12
122,11
122,10
121,9
121,8
121,8
121,9
122,10
122,11
123,12
123,13
124,14
124,15
125,16
125,17
126,18
126,19
127,20
127,21
128,22
128,23
129,24
129,25
130,26
130,27
131,28
131,29
132,30
132,31
133,32
133,33
134,34
134,35
135,36
135,37
136,38
136,39
137,40
137,41
138,42
138,43
139,44
139,45
140,46
140,47
141,48
141,49
142,50
142,51
143,52
143,53
144,54
144,55
145,56
145,57
146,58
146,59
147,60
147,61
148,62
148,63
149,64
149,65
150,66
150,67
151,68
151,69
152,70
152,71
153,72
153,73
154,74
154,75
155,76
155,77
156,78
156,79
157,80
157,81
158,82
158,83
159,84
159,85
160,86
160,87
161,88
161,89
162,90
162,91
163,92
163,93
164,94
164,95
165,96
165,97
166,98
166,98
167,99
168,100
169,101
170,102
170,103
171,104
172,105
173,106
174,107
175,108
176,109
177,110
177,111
178,112
179,113
180,114
181,115
182,116
183,117
184,118
185,119
185,120
186,121
187,122
188,123
189,124
189,124
188,123
188,122
187,121
187,120
186,119
186,118
185,117
185,116
184,115
184,114
183,113
183,112
182,111
182,110
181,109
181,108
180,107
180,106
179,105
179,104
178,103
178,102
177,101
177,100
176,99
176,98
175,97
175,96
174,95
174,94
174,94
174,93
173,92
173,91
172,90
172,89
172,88
171,87
171,86
171,85
170,84
170,83
169,82
169,81
169,80
168,79
168,78
167,77
167,76
167,75
166,74
166,73
166,72
165,71
165,70
164,69
164,68
164,67
163,66
163,65
162,64
162,63
162,62
161,61
161,60
161,59
160,58
160,57
159,56
159,55
159,54
158,53
158,52
157,51
157,50
157,49
156,48
156,47
156,46
155,45
155,44
154,43
154,42
154,41
153,40
153,39
153,38
152,37
152,36
151,35
151,34
151,33
150,32
150,31
149,30
149,29
149,28
148,27
148,26
148,25
147,24
147,23
146,22
146,21
146,20
145,19
145,18
144,17
144,16
144,15
143,14
143,13
143,12
142,11
142,10
141,9
141,8
141,8
141,9
142,10
142,11
143,12
143,13
144,14
144,15
145,16
145,17
146,18
146,19
147,20
147,21
148,22
148,23
149,24
149,25
150,26
150,27
151,28
151,29
152,30
152,31
153,32
153,33
154,34
154,35
155,36
155,37
156,38
156,39
157,40
157,41
158,42
158,43
159,44
159,45
160,46
160,47
161,48
161,49
162,50
162,51
163,52
163,53
164,54
164,55
165,56
165,57
166,58
166,59
167,60
167,61
168,62
168,63
169,64
169,65
170,66
170,67
171,68
171,69
172,70
172,71
173,72
173,73
174,74
174,75
175,76
175,77
176,78
176,79
177,80
177,81
178,82
178,83
179,84
179,85
180,86
180,87
181,88
181,89
182,90
182,90
183,91
184,92
184,93
185,94
186,95
187,96
188,97
189,98
189,99
190,100
191,101
192,102
193,103
194,104
194,105
195,106
196,107
197,108
198,109
199,110
199,111
200,112
201,113
202,114
203,115
204,116
204,117
205,118
206,119
207,120
207,120
206,119
206,118
205,117
205,116
204,115
204,114
203,113
203,112
202,111
202,110
201,109
201,108
200,107
200,106
199,105
199,104
198,103
198,102
197,101
197,100
196,99
196,98
195,97
195,96
194,95
194,94
193,93
193,92
192,91
192,90
191,89
191,88
190,87
190,86
190,86
190,85
189,84
189,83
188,82
188,81
188,80
187,79
187,78
187,77
186,76
186,75
185,74
185,73
185,72
184,71
184,70
184,69
183,68
183,67
182,66
182,65
182,64
181,63
181,62
181,61
180,60
180,59
179,58
179,57
179,56
178,55
178,54
177,53
177,52
177,51
176,50
176,49
176,48
175,47
175,46
174,45
174,44
174,43
173,42
173,41
173,40
172,39
172,38
171,37
171,36
171,35
170,34
170,33
169,32
169,31
169,30
168,29
168,28
168,27
167,26
167,25
166,24
166,23
166,22
165,21
165,20
165,19
164,18
164,17
163,16
163,15
163,14
162,13
162,12
162,11
161,10
161,9
160,8
160,7
160,7
161,8
161,9
162,10
162,11
163,12
163,13
164,14
164,15
165,16
165,17
166,18
166,19
167,20
167,21
168,22
168,23
169,24
169,25
170,26
170,27
171,28
171,29
172,30
172,31
173,32
173,33
174,34
174,35
175,36
175,37
176,38
176,39
177,40
177,41
178,42
178,43
179,44
179,45
180,46
180,47
181,48
181,49
182,50
182,51
183,52
183,53
184,54
184,55
185,56
185,57
186,58
186,59
187,60
187,61
188,62
188,63
189,64
189,65
190,66
190,67
191,68
191,69
192,70
192,71
193,72
193,73
194,74
194,75
195,76
195,77
196,78
196,79
197,80
197,81
198,82
198,82
199,83
200,84
200,85
201,86
202,87
203,88
204,89
204,90
205,91
206,92
207,93
208,94
208,95
209,96
210,97
211,98
211,99
212,100
213,101
214,102
215,103
215,104
216,105
217,106
218,107
219,108
219,109
220,110
221,111
222,112
223,113
223,114
224,115
225,116
225,116
224,115
224,114
223,113
223,112
222,111
222,110
221,109
221,108
220,107
220,106
219,105
219,104
218,103
218,102
217,101
217,100
216,99
216,98
215,97
215,96
214,95
214,94
213,93
213,92
212,91
212,90
211,89
211,88
210,87
210,86
209,85
209,84
208,83
208,82
207,81
207,80
206,79
206,78
206,78
206,77
205,76
205,75
205,74
204,73
204,72
203,71
203,70
203,69
202,68
202,67
202,66
201,65
201,64
201,63
200,62
200,61
199,60
199,59
199,58
198,57
198,56
198,55
197,54
197,53
196,52
196,51
196,50
195,49
195,48
195,47
194,46
194,45
194,44
193,43
193,42
192,41
192,40
192,39
191,38
191,37
191,36
190,35
190,34
190,33
189,32
189,31
188,30
188,29
188,28
187,27
187,26
187,25
186,24
186,23
185,22
185,21
185,20
184,19
184,18
184,17
183,16
183,15
183,14
182,13
182,12
181,11
181,10
181,9
180,8
180,7
180,7
181,8
181,9
182,10
182,11
183,12
183,13
184,14
184,15
185,16
185,17
186,18
186,19
187,20
187,21
188,22
188,23
189,24
189,25
190,26
190,27
191,28
191,29
192,30
192,31
193,32
193,33
194,34
194,35
195,36
195,37
196,38
196,39
197,40
197,41
198,42
198,43
199,44
199,45
200,46
200,47
201,48
201,49
202,50
202,51
203,52
203,53
204,54
204,55
205,56
205,57
206,58
206,59
207,60
207,61
208,62
208,63
209,64
209,65
210,66
210,67
211,68
211,69
212,70
212,71
213,72
213,73
214,74
214,74
215,75
216,76
217,77
217,78
218,79
219,80
220,81
221,82
222,83
222,84
223,85
224,86
225,87
226,88
227,89
227,90
228,91
229,92
230,93
230,93
230,92
229,91
229,90
229,89
228,88
228,87
227,86
227,85
227,84
226,83
226,82
226,81
225,80
225,79
225,78
224,77
224,76
223,75
223,74
223,73
222,72
222,71
222,71
222,70
222,69
222,68
223,67
223,66
223,65
223,64
223,63
223,62
223,61
223,60
224,59
224,58
224,57
224,56
224,55
224,54
224,53
224,52
225,51
225,50
225,49
225,48
225,47
225,46
225,45
225,44
226,43
226,42
226,41
226,40
226,39
226,38
226,37
226,36
227,35
227,34
227,33
227,32
227,31
227,30
227,29
227,28
228,27
228,26
228,25
228,24
228,23
228,22
228,21
228,20
229,19
229,18
229,17
229,16
229,15
229,14
229,13
229,12
230,11
230,10
230,9
230,8
230,7
230,7
230,8
230,9
230,10
230,11
230,12
230,13
230,14
230,15
230,16
230,17
230,18
230,19
230,20
230,21
230,22
230,23
230,24
230,25
230,26
230,27
230,28
230,29
230,30
230,31
230,32
230,33
230,34
230,35
230,36
230,37
230,38
230,39
230,40
230,41
230,42
230,43
230,44
230,45
230,46
230,47
230,48
230,49
230,50
230,51
230,52
230,53
230,54
230,55
230,56
230,57
230,58
230,59
230,60
230,61
230,62
230,63
230,64
230,65
230,66
230,67
230,68
230,69
230,70
230,71
230,71
231,71
232,71
233,71
234,71
235,71
236,71
237,71
238,71
238,71
238,70
238,69
238,68
239,67
239,66
239,65
239,64
239,63
239,62
239,61
239,60
240,59
240,58
240,57
240,56
240,55
240,54
240,53
240,52
241,51
241,50
241,49
241,48
241,47
241,46
241,45
241,44
242,43
242,42
242,41
242,40
242,39
242,38
242,37
242,36
243,35
243,34
243,33
243,32
243,31
243,30
243,29
243,28
244,27
244,26
244,25
244,24
244,23
244,22
244,21
244,20
245,19
245,18
245,17
245,16
245,15
245,14
245,13
245,12
246,11
246,10
246,9
246,8
246,7
246,7
246,8
246,9
246,10
246,11
246,12
246,13
246,14
246,15
246,16
246,17
246,18
246,19
246,20
246,21
246,22
246,23
246,24
246,25
246,26
246,27
246,28
246,29
246,30
246,31
246,32
246,33
246,34
246,35
246,36
246,37
246,38
246,39
246,40
246,41
246,42
246,43
246,44
246,45
246,46
246,47
246,48
246,49
246,50
246,51
246,52
246,53
246,54
246,55
246,56
246,57
246,58
246,59
246,60
246,61
246,62
246,63
246,64
246,65
246,66
246,67
246,68
246,69
246,70
246,71
246,71
247,71
248,71
249,71
250,71
251,72
252,72
253,72
254,72
254,72
254,71
254,70
254,69
254,68
255,67
255,66
255,65
255,64
255,63
255,62
255,61
255,60
256,59
256,58
256,57
256,56
256,55
256,54
256,53
256,52
257,51
257,50
257,49
257,48
257,47
257,46
257,45
257,44
258,43
258,42
258,41
258,40
258,39
258,38
258,37
258,36
259,35
259,34
259,33
259,32
259,31
259,30
259,29
259,28
260,27
260,26
260,25
260,24
260,23
260,22
260,21
260,20
261,19
261,18
261,17
261,16
261,15
261,14
261,13
261,12
262,11
262,10
262,9
262,8
262,7
262,7
262,8
262,9
262,10
262,11
262,12
262,13
262,14
262,15
262,16
262,17
262,18
262,19
262,20
262,21
262,22
262,23
262,24
262,25
262,26
262,27
262,28
262,29
262,30
262,31
262,32
262,33
262,34
262,35
262,36
262,37
262,38
262,39
262,40
262,41
262,42
262,43
262,44
262,45
262,46
262,47
262,48
262,49
262,50
262,51
262,52
262,53
262,54
262,55
262,56
262,57
262,58
262,59
262,60
262,61
262,62
262,63
262,64
262,65
262,66
262,67
262,68
262,69
262,70
262,71
262,72
262,72
262,73
261,74
261,75
261,76
260,77
260,78
260,79
259,80
259,81
259,82
259,83
258,84
258,85
258,86
257,87
257,88
257,89
256,90
256,91
256,92
255,93
255,94
255,94
256,93
257,92
258,91
259,90
260,89
261,88
262,87
263,87
264,86
265,85
266,84
267,83
268,82
269,81
270,80
270,80
270,79
270,78
270,77
270,76
271,75
271,74
271,73
271,72
271,71
271,70
271,69
271,68
271,67
272,66
272,65
272,64
272,63
272,62
272,61
272,60
272,59
272,58
273,57
273,56
273,55
273,54
273,53
273,52
273,51
273,50
273,49
274,48
274,47
274,46
274,45
274,44
274,43
274,42
274,41
274,40
274,39
275,38
275,37
275,36
275,35
275,34
275,33
275,32
275,31
275,30
276,29
276,28
276,27
276,26
276,25
276,24
276,23
276,22
276,21
277,20
277,19
277,18
277,17
277,16
277,15
277,14
277,13
277,12
278,11
278,10
278,9
278,8
278,7
278,7
278,8
278,9
278,10
278,11
278,12
278,13
278,14
278,15
278,16
278,17
278,18
278,19
278,20
278,21
278,22
278,23
278,24
278,25
278,26
278,27
278,28
278,29
278,30
278,31
278,32
278,33
278,34
278,35
278,36
278,37
278,38
278,39
278,40
278,41
278,42
278,43
278,44
278,45
278,46
278,47
278,48
278,49
278,50
278,51
278,52
278,53
278,54
278,55
278,56
278,57
278,58
278,59
278,60
278,61
278,62
278,63
278,64
278,65
278,66
278,67
278,68
278,69
278,70
278,71
278,72
278,73
278,74
278,75
278,76
278,77
278,78
278,79
278,80
278,80
279,80
280,80
281,81
282,81
283,81
284,81
285,82
286,82
286,82
286,81
287,80
287,79
288,78
288,77
289,76
289,75
290,74
290,73
291,72
291,71
292,70
292,69
293,68
293,67
294,66
294,65
295,64
295,63
296,62
296,61
297,60
297,59
298,58
298,57
299,56
299,55
300,54
300,53
301,52
301,51
302,50
302,49
303,48
303,47
304,46
304,45
305,44
305,43
306,42
306,41
307,40
307,39
308,38
308,37
309,36
309,35
310,34
310,33
311,32
311,31
312,30
312,29
313,28
313,27
314,26
314,25
315,24
315,23
316,22
316,21
317,20
317,19
318,18
318,17
319,16
319,15
320,14
320,13
321,12
321,11
321,11
321,12
320,13
320,14
320,15
319,16
319,17
318,18
318,19
318,20
317,21
317,22
317,23
316,24
316,25
316,26
315,27
315,28
314,29
314,30
314,31
313,32
313,33
313,34
312,35
312,36
312,37
311,38
311,39
310,40
310,41
310,42
309,43
309,44
309,45
308,46
308,47
308,48
307,49
307,50
306,51
306,52
306,53
305,54
305,55
305,56
304,57
304,58
303,59
303,60
303,61
302,62
302,63
302,64
301,65
301,66
301,67
300,68
300,69
299,70
299,71
299,72
298,73
298,74
298,75
297,76
297,77
297,78
296,79
296,80
295,81
295,82
295,83
294,84
294,85
294,85
293,86
292,87
291,88
290,89
289,90
288,91
287,92
286,93
285,93
284,94
283,95
282,96
281,97
280,98
279,99
278,100
277,101
276,102
275,103
274,104
273,105
272,106
271,107
270,108
269,108
268,109
267,110
266,111
265,112
264,113
263,114
262,115
262,115
263,114
264,114
265,113
266,113
267,112
268,111
269,111
270,110
271,110
272,109
273,108
274,108
275,107
276,107
277,106
278,105
279,105
280,104
281,104
282,103
283,103
284,102
285,101
286,101
287,100
288,100
289,99
290,98
291,98
292,97
293,97
294,96
295,95
296,95
297,94
298,94
299,93
133,177
133,176
134,175
134,174
135,173
135,172
135,171
136,170
136,169
137,168
137,167
137,166
138,165
138,164
139,163
139,162
139,161
140,160
140,159
140,158
141,157
141,156
142,155
142,154
142,153
143,152
143,151
144,150
144,149
144,149
143,150
142,151
141,152
140,153
139,154
138,155
137,156
136,157
135,158
135,159
134,160
133,161
132,162
131,163
130,164
129,165
128,166
127,167
126,168
125,169
160,237
160,236
160,235
161,234
161,233
161,232
161,231
161,230
161,229
162,228
162,227
162,226
162,225
162,224
163,223
163,222
163,221
163,220
163,219
163,218
164,217
164,216
164,215
164,214
164,213
164,212
165,211
165,210
165,209
165,209
164,210
163,211
162,212
161,213
160,214
159,215
158,216
157,217
157,218
156,219
155,220
154,221
153,222
152,223
151,224
150,225
149,226
149,226
148,226
147,226
146,227
145,227
144,227
143,227
142,228
141,228
140,228
139,228
138,229
137,229
136,229
135,229
134,229
133,230
132,230
131,230
130,230
129,231
128,231
127,231
127,231
128,230
129,229
130,228
131,227
132,226
133,225
134,225
135,224
136,223
137,222
138,221
139,220
140,219
141,218
141,218
141,217
141,216
142,215
142,214
142,213
142,212
142,211
143,210
143,209
143,208
143,207
143,206
143,205
144,204
144,203
144,202
144,201
144,200
145,199
145,198
145,197
145,197
144,198
143,199
142,200
141,201
140,202
139,203
139,204
138,205
137,206
136,207
135,208
134,209
133,210
133,210
132,209
131,209
130,208
129,207
128,207
127,206
126,205
125,205
124,204
123,203
122,203
121,202
121,202
122,202
123,202
124,202
125,202
126,202
127,202
128,202
129,202
130,202
131,202
132,202
133,202
133,202
133,201
133,200
133,199
133,198
133,197
133,196
133,195
133,194
133,194
133,193
133,192
133,191
133,190
133,189
133,188
133,187
133,186
133,186
133,185
133,184
133,183
133,182
133,181
133,180
133,179
133,178
169,274
168,273
167,272
167,271
166,270
165,269
164,268
164,267
163,266
162,265
161,264
161,263
160,262
160,262
160,261
160,260
160,259
160,258
160,257
160,256
160,255
160,254
160,254
159,254
158,253
157,253
156,253
155,252
154,252
153,252
152,251
151,251
150,251
149,250
148,250
147,250
146,250
145,249
144,249
143,249
142,248
141,248
140,248
139,247
138,247
137,247
136,246
135,246
135,246
136,246
137,246
138,246
139,246
140,246
141,246
142,246
143,246
144,246
145,246
146,246
147,246
148,246
149,246
150,246
151,246
152,246
153,246
154,246
155,246
156,246
157,246
158,246
159,246
160,246
160,246
160,245
160,244
160,243
160,242
160,241
160,240
160,239
160,238
266,287
265,287
264,288
263,288
262,289
261,289
260,290
259,290
258,291
257,291
257,291
256,291
255,291
254,291
253,292
252,292
251,292
250,292
249,292
249,292
248,293
248,294
247,295
247,296
246,297
246,298
245,299
245,300
244,301
244,302
243,303
243,304
242,305
242,306
241,307
241,308
240,309
240,310
239,311
239,312
238,313
238,313
238,312
238,311
238,310
239,309
239,308
239,307
239,306
239,305
239,304
239,303
240,302
240,301
240,300
240,299
240,298
240,297
240,296
240,295
241,294
241,293
241,292
241,291
241,291
240,290
240,289
239,288
238,287
237,286
237,285
236,284
235,283
234,282
234,281
233,280
232,279
232,278
231,277
230,276
229,275
229,274
228,273
228,273
228,274
228,275
229,276
229,277
229,278
229,279
230,280
230,281
230,282
230,283
231,284
231,285
231,286
231,287
232,288
232,289
232,290
232,291
233,292
233,293
233,293
233,294
233,295
233,296
232,297
232,298
232,299
232,300
232,301
232,302
232,303
232,304
231,305
231,306
231,307
231,308
231,309
231,310
231,311
230,312
230,313
230,314
230,315
230,315
230,314
229,313
229,312
229,311
229,310
228,309
228,308
228,307
228,306
227,305
227,304
227,303
227,302
226,301
226,300
226,299
226,298
225,297
225,296
225,295
225,295
225,294
224,293
224,292
223,291
223,290
223,289
222,288
222,287
222,286
221,285
221,284
220,283
220,282
220,281
219,280
219,279
219,278
218,277
218,276
217,275
217,274
217,274
217,275
217,276
217,277
217,278
217,279
217,280
217,281
217,282
217,283
217,284
217,285
217,286
217,287
217,288
217,289
217,290
217,291
217,292
217,293
217,294
217,295
217,295
216,296
215,297
215,298
214,299
213,300
212,301
212,302
211,303
210,304
209,305
209,306
208,307
207,308
206,309
206,310
205,311
204,312
204,312
204,311
205,310
205,309
205,308
205,307
206,306
206,305
206,304
206,303
207,302
207,301
207,300
207,299
208,298
208,297
208,296
208,295
209,294
209,293
209,293
209,292
209,291
209,290
209,289
209,288
209,287
209,286
209,285
209,284
209,283
209,282
209,281
209,280
209,279
209,278
209,277
209,276
209,275
209,274
209,273
209,272
209,272
209,273
208,274
208,275
207,276
207,277
206,278
206,279
205,280
205,281
204,282
204,283
203,284
203,285
202,286
202,287
201,288
201,289
201,289
200,290
199,291
198,292
197,293
196,294
195,295
194,296
193,297
192,298
191,299
190,300
189,301
188,302
187,303
186,304
185,305
184,306
183,307
182,308
181,309
180,310
180,310
181,309
181,308
182,307
182,306
183,305
183,304
184,303
184,302
185,301
185,300
186,299
186,298
187,297
187,296
188,295
188,294
189,293
189,292
190,291
190,290
191,289
191,288
192,287
192,286
193,285
193,285
193,284
193,283
193,282
193,281
193,280
193,279
193,278
193,277
193,276
192,275
192,274
192,273
192,272
192,271
192,270
192,269
192,268
192,267
192,266
192,265
192,265
192,266
191,267
191,268
190,269
190,270
189,271
189,272
189,273
188,274
188,275
187,276
187,277
186,278
186,279
185,280
185,281
185,281
184,280
183,280
182,279
181,279
180,278
179,278
178,277
177,277
177,277
177,276
177,275
176,274
176,273
176,272
176,271
175,270
175,269
175,268
175,267
174,266
174,265
174,264
174,263
173,262
173,261
173,260
173,260
173,261
172,262
172,263
172,264
172,265
171,266
171,267
171,268
170,269
170,270
170,271
170,272
169,273
169,274
266,287
266,286
266,285
266,284
266,283
266,282
266,281
266,280
266,279
266,278
266,277
266,276
266,275
266,275
267,274
268,273
269,272
269,271
270,270
271,269
272,268
272,268
272,267
272,266
273,265
273,264
273,263
273,262
274,261
274,260
274,259
274,258
275,257
275,256
275,255
275,255
276,256
276,257
277,258
277,259
278,260
279,261
279,262
280,263
280,263
281,262
281,261
282,260
283,259
283,258
284,257
284,256
285,255
