61,453
62,454
63,453
63,453
64,452
65,453
65,453
66,453
67,454
67,454
68,455
69,456
70,456
71,456
71,456
72,457
73,456
74,457
75,458
76,457
76,457
77,457
78,458
79,459
80,458
81,458
82,459
83,460
84,461
85,462
86,463
87,464
88,465
89,466
90,467
91,468
92,469
93,469
94,468
95,468
96,468
97,468
98,467
99,467
100,467
101,467
102,466
103,466
104,466
105,466
106,466
107,466
108,466
109,466
110,466
111,466
112,466
113,466
114,465
115,465
116,465
117,465
118,465
119,465
120,465
121,465
122,465
97,561
98,560
99,559
100,558
101,557
102,556
103,555
104,554
105,553
106,552
107,551
108,550
109,549
110,548
111,547
112,546
113,545
114,544
115,543
116,542
117,541
118,540
119,539
120,538
121,537
122,536
123,535
124,534
125,533
126,532
127,531
128,530
129,529
130,528
131,527
132,526
133,525
134,524
135,523
136,522
137,521
138,520
139,519
140,518
141,517
142,516
143,515
144,514
145,513
146,512
147,511
148,510
149,509
150,508
151,507
152,506
153,505
154,504
155,503
156,502
99,563
100,562
101,561
102,560
103,559
104,558
105,557
106,556
107,555
108,554
109,553
110,552
111,551
112,550
113,549
114,548
115,547
116,546
117,545
118,544
119,543
120,542
121,541
122,540
123,539
124,538
125,537
126,536
127,535
128,534
129,533
130,532
131,531
132,530
133,529
134,528
135,527
136,526
137,525
138,524
139,523
140,522
141,521
142,520
143,519
144,518
145,517
146,516
147,515
148,514
149,513
150,512
151,511
152,510
153,509
154,508
155,507
156,506
157,505
158,504
123,464
123,463
123,462
123,461
123,460
123,459
122,458
122,457
122,456
122,455
122,454
122,453
122,452
123,451
123,450
123,449
123,448
123,447
124,446
124,445
124,444
124,443
124,442
125,441
125,440
125,439
125,438
126,437
126,436
126,435
126,434
127,433
127,432
127,431
128,430
123,465
124,466
125,467
125,468
126,469
127,470
128,471
128,472
129,473
130,474
128,430
127,429
127,428
127,427
127,426
127,425
126,424
126,423
126,422
126,421
126,420
125,419
125,418
125,417
125,416
125,415
125,414
124,413
124,412
124,411
124,410
124,409
124,408
124,407
124,406
123,405
123,404
123,403
123,402
123,401
123,400
123,399
123,398
123,397
123,396
123,395
123,394
124,393
124,392
124,391
124,390
124,389
124,388
124,387
125,386
125,385
125,384
126,383
126,382
126,381
127,380
127,379
127,378
127,377
128,376
129,375
130,374
131,373
132,372
133,371
134,370
128,430
129,429
130,428
131,427
132,426
133,425
134,424
135,423
136,422
137,421
138,420
139,419
140,418
141,417
142,416
143,415
144,414
145,413
146,412
147,411
147,410
148,409
149,408
150,407
151,406
152,405
153,404
154,403
154,402
155,401
156,400
157,399
158,398
159,397
160,396
161,395
162,394
163,393
164,392
165,391
130,474
131,473
132,472
133,471
134,470
135,469
136,468
137,467
138,466
139,465
140,464
141,463
142,462
143,461
144,460
145,459
146,458
147,457
148,456
149,455
150,454
151,453
152,452
153,451
154,450
155,449
156,448
157,447
158,446
159,445
160,444
161,443
162,442
163,441
164,440
165,439
166,438
167,437
168,436
169,435
170,434
171,433
172,432
173,431
174,430
175,429
176,428
177,427
178,426
179,425
180,424
181,423
182,422
183,421
184,420
130,474
131,475
132,476
132,477
133,478
133,478
134,477
135,476
136,475
137,474
138,473
139,472
140,471
141,470
142,469
143,468
144,467
145,466
146,465
147,464
148,463
149,462
150,461
151,460
152,459
153,458
154,457
155,456
156,455
157,454
158,453
159,452
160,451
161,450
162,449
163,448
164,447
165,446
166,445
167,444
168,443
169,442
170,441
171,440
172,439
173,438
174,437
175,436
176,435
177,434
178,433
179,432
180,431
181,430
182,429
183,428
184,427
185,426
186,425
187,424
133,478
134,479
135,480
136,481
136,482
137,483
138,484
139,485
139,486
140,487
141,488
142,489
143,490
143,491
144,492
145,493
146,494
147,495
148,496
149,497
150,498
151,498
152,499
153,500
154,500
155,501
156,502
156,502
157,503
158,504
158,504
159,504
160,505
161,506
162,506
163,506
164,507
165,507
166,507
167,507
168,508
169,508
170,508
171,508
172,508
173,509
174,509
175,509
176,509
177,510
178,510
179,510
180,510
181,510
182,511
183,511
184,511
185,511
186,512
187,512
188,512
189,512
190,513
191,513
192,513
193,513
194,514
195,514
196,514
197,514
198,515
199,515
200,515
201,516
202,516
203,516
204,517
205,517
206,517
207,518
208,518
209,518
210,519
211,519
212,519
213,520
214,520
215,520
216,521
217,521
218,521
219,522
220,522
221,522
222,523
223,523
224,523
225,524
226,524
227,524
228,525
229,525
230,525
231,526
232,526
233,526
234,527
235,527
236,527
237,528
238,528
239,528
240,529
241,529
242,529
243,530
244,530
245,530
246,530
247,530
248,530
249,531
250,531
251,531
252,531
253,531
254,531
255,531
256,531
257,531
258,531
259,531
260,531
261,531
262,531
263,531
264,531
265,531
266,531
267,531
268,531
269,531
270,531
271,531
272,531
273,531
274,531
275,531
276,531
277,531
278,531
279,531
280,531
281,531
282,531
283,531
284,531
285,531
286,531
287,531
288,531
289,531
290,531
291,531
292,531
293,531
294,531
295,531
296,531
297,531
298,531
299,531
300,531
301,531
302,530
303,530
304,530
305,530
306,530
307,530
308,530
309,530
310,530
311,530
312,530
313,530
314,530
315,530
316,529
317,529
318,529
319,529
320,529
321,529
322,529
323,529
324,529
325,529
326,529
327,529
328,529
329,528
330,528
331,528
332,528
333,528
334,528
335,528
336,527
160,374
160,375
161,376
161,377
162,378
162,379
162,380
163,381
163,382
163,383
164,384
164,385
164,386
164,387
165,388
165,389
165,390
166,391
167,391
168,390
169,390
170,390
171,389
172,389
173,389
174,389
175,388
176,388
177,388
178,388
179,388
180,388
181,387
182,387
183,387
184,387
185,386
186,386
187,386
188,386
189,385
190,385
191,385
192,385
193,385
194,385
195,385
196,385
197,385
198,386
199,386
200,386
201,386
202,386
203,386
204,386
205,386
206,386
207,386
208,386
209,386
210,386
211,386
212,386
213,386
214,385
215,385
216,385
217,384
218,384
219,384
220,384
221,385
222,384
223,384
224,385
225,385
226,385
227,385
228,386
229,386
230,387
231,387
232,388
233,388
234,388
235,389
236,389
237,389
238,389
239,390
240,390
241,390
242,390
243,391
244,391
245,391
246,391
247,392
248,392
249,392
250,392
251,392
252,392
253,392
254,392
255,393
256,393
257,393
258,393
259,393
260,393
261,394
262,394
263,394
264,394
265,395
266,395
267,395
268,395
269,395
270,396
271,396
272,396
273,396
274,397
275,397
276,397
277,398
278,398
279,398
280,398
281,399
282,399
283,399
284,400
285,400
286,401
287,401
288,402
289,402
290,403
291,404
292,404
293,405
294,406
295,406
296,407
297,408
298,408
299,409
300,410
301,411
302,412
303,413
304,414
305,415
306,416
307,417
308,418
309,419
310,420
311,421
312,422
313,423
314,424
315,425
316,426
317,427
318,428
319,429
320,430
321,431
322,432
323,433
324,434
325,435
326,436
327,437
328,438
329,439
330,440
331,441
332,442
333,443
334,444
335,445
336,446
337,447
338,448
339,449
340,450
341,451
342,452
343,453
344,454
345,455
346,456
347,457
348,458
349,459
350,460
351,461
352,462
353,463
354,464
355,465
356,466
357,467
358,468
359,469
360,470
361,471
362,472
363,473
364,474
365,475
366,476
367,477
368,478
369,479
370,480
371,481
372,482
373,483
374,484
375,485
376,486
377,487
378,488
379,489
380,490
381,491
382,492
383,493
384,494
385,495
386,496
387,497
388,498
389,499
390,500
391,501
392,502
393,503
394,504
395,505
396,506
397,507
398,508
399,509
400,510
401,511
402,512
403,513
229,420
230,421
231,422
232,423
233,424
234,425
235,426
236,427
237,428
238,429
239,430
240,431
241,432
242,433
243,434
244,435
245,436
246,437
247,438
248,439
249,440
250,441
251,442
252,443
253,444
254,445
255,446
256,447
257,448
258,449
259,450
260,451
261,452
262,453
263,454
264,455
265,456
266,457
267,458
268,459
269,460
270,461
271,462
272,463
273,464
274,465
275,466
276,467
277,468
278,469
279,470
280,471
281,472
282,473
283,474
284,475
285,476
286,477
287,478
288,479
289,480
290,481
291,482
292,483
293,484
294,485
295,486
296,487
297,488
298,489
299,490
300,491
301,492
302,493
303,494
304,495
305,496
306,497
307,498
308,499
309,500
310,501
311,502
312,503
313,504
314,505
315,506
316,507
317,508
318,509
319,510
320,511
321,512
322,513
323,514
324,515
325,516
326,517
327,518
328,519
329,520
330,521
331,522
332,523
333,524
334,525
335,526
336,527
253,665
254,664
255,663
256,662
257,661
258,660
259,659
260,658
261,657
262,656
263,655
264,654
265,653
266,652
267,651
268,650
269,649
270,648
271,647
272,646
273,645
274,644
275,643
276,642
277,641
278,640
279,639
280,638
281,637
282,636
283,635
284,634
285,633
286,632
287,631
288,630
289,629
290,628
291,627
292,626
293,625
294,624
295,623
296,622
297,621
298,620
299,619
300,618
301,617
302,616
303,615
304,614
305,613
306,612
307,611
308,610
309,609
310,608
311,607
312,606
313,605
314,604
315,603
316,602
317,601
318,600
319,599
320,598
321,597
322,596
323,595
324,594
325,593
326,592
327,591
328,590
329,589
330,588
331,587
332,586
333,585
334,584
335,583
336,582
337,581
338,580
339,579
340,578
341,577
342,576
343,575
344,574
345,573
346,572
347,571
348,570
349,569
350,568
351,567
352,566
353,565
354,564
355,563
356,562
357,561
358,560
359,559
360,558
361,557
362,556
363,555
364,554
365,553
366,552
367,551
368,550
369,549
370,548
371,547
372,546
373,545
374,544
375,543
376,542
377,541
378,540
379,539
380,538
381,537
382,536
383,535
384,534
385,533
386,532
387,531
388,530
389,529
390,528
391,527
392,526
393,525
394,524
395,523
396,522
397,521
398,520
399,519
400,518
401,517
402,516
298,291
299,292
300,293
301,294
302,295
303,296
304,297
305,298
306,299
307,300
308,301
309,302
310,303
311,304
312,305
313,306
314,307
315,308
316,309
317,310
318,311
319,312
320,313
321,314
322,315
323,316
324,317
325,318
326,319
327,320
328,321
329,322
330,323
331,324
332,325
333,326
334,327
335,328
336,329
337,330
338,331
339,332
340,333
341,334
342,335
343,336
344,337
345,338
346,339
347,340
348,341
349,342
350,343
351,344
352,345
353,346
354,347
355,348
356,349
357,350
358,351
359,352
360,353
361,354
362,355
363,356
364,357
365,358
366,359
367,360
368,361
369,362
370,363
371,364
372,365
373,366
374,367
375,368
376,369
377,370
378,371
379,372
380,373
381,374
382,375
383,376
384,377
385,378
386,379
387,380
388,381
389,382
390,383
391,384
392,385
393,386
394,387
395,388
396,389
397,390
398,391
399,392
400,393
401,394
402,395
403,396
404,397
405,398
406,399
407,400
408,401
409,402
410,403
411,404
412,405
413,406
414,407
415,408
416,409
417,410
418,411
419,412
420,413
421,414
422,415
423,416
424,417
425,418
426,419
427,420
428,421
429,422
430,423
431,424
432,425
433,426
434,427
435,428
436,429
437,430
438,431
439,432
440,433
441,434
442,435
443,436
444,437
445,438
446,439
447,440
448,441
449,442
450,443
451,444
452,445
453,446
454,447
455,448
456,449
457,450
458,451
459,452
460,453
461,454
462,455
463,456
464,457
465,458
466,459
467,460
468,461
469,462
470,463
471,464
472,465
473,466
474,467
475,468
476,469
477,470
478,471
479,472
480,473
481,474
482,475
483,476
484,477
485,478
335,273
336,274
337,273
337,273
338,274
339,275
340,276
341,277
342,278
343,279
344,280
345,281
346,282
347,283
348,284
349,285
350,286
351,287
352,288
353,289
354,290
355,291
356,292
357,293
358,294
359,295
360,296
361,297
362,298
363,299
364,300
365,301
366,302
367,303
368,304
369,305
370,306
371,307
372,308
373,309
374,310
375,311
376,312
377,313
378,314
379,315
380,316
381,317
382,318
383,319
384,320
385,321
386,322
387,323
388,324
389,325
390,326
391,327
392,328
393,329
394,330
395,331
396,332
397,333
398,334
399,335
400,336
401,337
402,338
403,339
404,340
405,341
406,342
407,343
408,344
409,345
410,346
411,347
412,348
413,349
414,350
415,351
416,352
417,353
418,354
419,355
420,356
421,357
422,358
423,359
424,360
425,361
426,362
427,363
428,364
429,365
430,366
431,367
432,368
433,369
434,370
435,371
436,372
437,373
438,374
439,375
440,376
441,377
442,378
443,379
444,380
445,381
446,382
447,383
448,384
449,385
450,386
451,387
452,388
453,389
454,390
455,391
456,392
457,393
458,394
459,395
460,396
461,397
462,398
463,399
464,400
465,401
466,402
467,403
468,404
469,405
470,406
471,407
472,408
336,527
337,528
338,528
339,528
340,528
341,528
342,528
343,528
344,527
345,527
346,527
347,527
348,527
349,527
350,527
351,527
352,527
353,527
354,527
355,527
356,527
357,527
358,527
359,527
360,526
361,526
362,526
363,526
364,526
365,526
366,526
367,525
368,525
369,525
370,525
371,524
372,524
373,524
374,524
375,523
376,523
377,523
378,522
379,522
380,522
381,521
382,521
383,521
384,520
385,520
386,520
387,519
388,519
389,519
390,519
391,518
392,518
393,517
394,517
395,517
396,516
397,516
398,516
399,515
400,515
401,515
357,239
358,240
359,241
360,242
361,243
362,244
363,245
364,246
365,247
366,248
367,249
368,250
369,251
370,252
371,253
372,254
373,255
374,256
375,257
376,258
377,259
378,260
379,261
380,262
381,263
382,264
383,265
384,266
385,267
386,268
387,269
388,270
389,271
390,272
391,273
392,274
393,275
394,276
395,277
396,278
397,279
398,280
399,281
400,282
401,283
402,284
403,285
404,286
405,287
406,288
407,289
408,290
409,291
410,292
411,293
412,294
413,295
414,296
415,297
416,298
417,299
418,300
419,301
420,302
421,303
422,304
423,305
424,306
425,307
426,308
427,309
428,310
429,311
430,312
431,313
432,314
433,315
434,316
435,317
436,318
437,319
438,320
439,321
440,322
441,323
442,324
443,325
444,326
445,327
446,328
447,329
448,330
449,331
450,332
451,333
452,334
453,335
454,336
455,337
456,338
457,339
458,340
459,341
460,342
461,343
462,344
463,345
464,346
404,514
405,513
406,513
407,512
408,512
409,512
410,511
411,511
412,510
413,510
414,510
415,509
416,509
417,509
418,508
419,508
420,507
421,507
422,507
423,506
424,506
425,505
426,505
427,505
428,504
429,504
430,503
431,503
432,502
433,502
434,502
435,501
436,501
437,500
438,500
439,499
440,499
441,499
442,498
443,498
444,498
445,498
446,497
447,497
448,497
449,496
450,496
451,496
452,496
453,495
454,495
455,495
456,494
457,494
458,494
459,493
460,493
461,493
462,492
463,493
404,171
403,172
402,173
401,174
400,175
400,176
399,177
399,178
399,179
399,180
398,181
399,182
399,183
399,184
399,185
399,186
399,187
399,188
400,189
400,190
400,191
401,192
401,193
402,194
402,195
403,196
403,197
404,198
404,199
405,200
405,201
405,202
406,203
406,204
406,205
407,206
407,207
408,208
409,209
409,210
410,211
410,212
411,213
412,214
412,215
413,216
414,217
415,218
416,219
417,220
418,221
419,222
420,223
421,224
422,225
423,226
424,227
425,228
426,229
427,230
428,231
429,232
430,233
431,234
432,235
433,236
434,237
435,238
436,239
437,240
438,241
439,242
440,243
441,244
442,245
443,246
444,247
445,248
446,249
447,250
448,251
449,252
450,253
451,254
452,255
453,256
454,257
405,171
406,170
407,170
408,169
408,168
409,167
409,166
410,165
411,164
412,163
412,162
413,161
414,160
414,159
415,158
415,157
416,156
417,155
418,154
419,153
435,684
436,685
435,686
435,684
436,683
437,682
438,681
437,680
438,679
439,678
439,677
440,676
415,78
416,77
416,76
416,75
417,74
417,73
417,72
417,71
418,70
418,69
418,68
419,67
420,66
415,78
416,79
416,80
417,81
418,82
419,83
420,84
421,85
421,86
422,87
423,88
419,152
419,151
419,150
419,149
419,148
419,147
418,146
418,145
418,144
418,143
418,142
417,141
417,140
416,139
416,138
416,137
415,136
415,135
415,134
415,133
414,132
414,131
414,130
414,129
414,128
414,127
414,126
414,125
414,124
414,123
414,122
414,121
414,120
414,119
414,118
414,117
415,116
415,115
415,114
415,113
416,112
416,111
416,110
416,109
417,108
417,107
417,106
418,105
418,104
418,103
418,102
419,101
419,100
419,99
419,98
419,97
419,96
419,95
420,94
420,93
421,92
421,91
422,90
422,89
423,88
420,153
421,154
421,155
422,156
423,157
424,158
424,159
425,160
425,161
426,162
427,163
428,164
429,165
430,166
431,167
420,66
421,65
422,64
423,64
424,63
425,63
426,63
427,62
428,61
423,88
424,88
425,87
426,87
427,87
428,86
429,86
430,85
431,84
432,84
433,83
433,82
434,81
435,80
435,79
436,78
436,77
436,76
437,75
437,74
437,73
438,72
428,61
429,62
430,63
431,64
432,65
433,66
434,67
434,68
435,69
436,70
437,71
438,72
431,168
432,169
433,170
434,171
435,171
436,172
437,173
438,174
439,175
440,176
441,177
442,178
443,179
444,179
445,180
446,181
447,182
448,183
449,184
449,185
449,186
449,187
449,188
450,189
450,190
450,191
450,192
450,193
450,194
450,195
450,196
450,197
450,198
450,199
450,200
450,201
451,202
451,203
451,204
451,205
451,206
451,207
451,208
451,209
451,210
451,211
452,212
452,213
452,214
452,215
452,216
452,217
452,218
453,219
453,220
453,221
453,222
453,223
454,224
454,225
454,226
454,227
454,228
454,229
454,230
455,231
455,232
455,233
455,234
455,235
455,236
455,237
456,238
455,239
455,240
455,241
455,242
455,243
456,244
456,245
455,246
456,247
455,248
455,249
455,250
455,251
455,252
455,253
455,254
455,255
455,256
454,257
440,673
441,674
441,675
440,676
440,673
441,672
440,671
441,670
441,669
441,668
441,667
441,666
441,665
442,664
442,663
442,662
442,661
442,660
442,659
443,658
443,657
443,656
443,655
443,654
444,653
444,652
444,651
444,650
444,649
445,648
445,647
445,646
445,645
445,644
445,643
446,642
446,641
446,640
446,639
446,638
446,637
447,636
447,635
447,634
447,633
447,632
447,631
447,630
447,629
448,628
448,627
448,626
448,625
448,624
448,623
448,622
449,621
449,620
449,619
449,618
449,617
449,616
449,615
450,614
450,613
450,612
450,611
450,610
450,609
450,608
450,607
451,606
451,605
451,604
451,603
451,602
451,601
451,600
452,599
452,598
452,597
452,596
452,595
452,594
452,593
452,592
453,591
453,590
453,589
453,588
453,587
453,586
453,585
454,584
454,583
454,582
454,581
454,580
454,579
454,578
454,577
454,576
455,575
455,574
455,573
455,572
455,571
455,570
455,569
455,568
455,567
455,566
456,565
456,564
456,563
456,562
456,561
456,560
456,559
456,558
456,557
456,556
456,555
457,554
457,553
457,552
457,551
457,550
457,549
457,548
457,547
457,546
457,545
457,544
458,543
458,542
458,541
458,540
458,539
458,538
458,537
458,536
458,535
458,534
459,533
459,532
459,531
459,530
459,529
459,528
459,527
459,526
459,525
460,524
460,523
460,522
460,521
460,520
460,519
460,518
460,517
460,516
461,515
461,514
461,513
461,512
461,511
461,510
461,509
461,508
461,507
462,506
462,505
462,504
462,503
462,502
462,501
462,500
462,499
462,498
463,497
463,496
463,495
463,494
463,493
452,139
452,138
453,137
453,136
453,135
453,134
453,133
454,132
455,131
456,130
457,129
454,257
455,258
455,259
455,260
455,261
455,262
455,263
455,264
455,265
455,266
455,267
455,268
455,269
455,270
455,271
455,272
454,273
454,274
454,275
454,276
454,277
454,278
454,279
454,280
454,281
454,282
454,283
454,284
454,285
454,286
454,287
455,288
455,289
455,290
455,291
455,292
456,293
456,294
456,295
456,296
456,297
457,298
457,299
457,300
457,301
458,302
458,303
458,304
458,305
459,306
459,307
459,308
459,309
459,310
460,311
460,312
460,313
460,314
460,315
461,316
462,317
461,318
461,319
461,320
461,321
461,322
461,323
462,324
462,325
462,326
462,327
462,328
462,329
462,330
463,331
463,332
463,333
463,334
463,335
463,336
464,337
464,338
464,339
464,340
464,341
464,342
464,343
465,344
465,345
464,346
551,226
552,227
551,228
463,493
464,492
465,491
466,490
467,490
468,489
469,489
470,488
471,488
472,487
473,487
474,486
475,486
476,485
477,485
478,484
479,484
480,483
481,483
482,483
464,346
465,347
465,348
465,349
465,350
466,351
466,352
466,353
466,354
466,355
466,356
466,357
466,358
466,359
467,360
467,361
467,362
467,363
467,364
467,365
467,366
467,367
467,368
467,369
467,370
467,371
468,372
468,373
468,374
468,375
468,376
468,377
468,378
468,379
468,380
468,381
468,382
468,383
468,384
468,385
468,386
468,387
468,388
469,389
469,390
469,391
469,392
470,393
470,394
470,395
470,396
471,397
471,398
471,399
471,400
471,401
472,402
472,403
472,404
472,405
473,406
473,407
472,408
472,408
473,409
474,410
474,411
474,412
474,413
475,414
475,415
475,416
475,417
475,418
476,419
476,420
476,421
476,422
476,423
477,424
477,425
477,426
478,427
478,428
478,429
479,430
479,431
479,432
480,433
480,434
480,435
481,436
481,437
481,438
482,439
482,440
482,441
483,442
483,443
484,444
484,445
484,446
485,447
485,448
485,449
486,450
486,451
486,452
487,453
487,454
487,455
488,456
488,457
488,458
489,459
489,460
489,461
490,462
490,463
490,464
491,465
491,466
491,467
492,468
493,469
482,483
483,482
483,481
484,480
485,479
485,478
482,483
483,484
483,485
484,486
484,487
484,488
484,500
485,501
484,502
484,492
483,493
483,494
483,495
484,496
484,502
485,503
486,504
485,497
486,496
486,495
487,494
484,488
485,489
484,490
485,492
486,493
487,494
485,478
486,477
487,476
488,475
489,474
489,473
490,472
491,471
492,470
493,469
492,508
493,509
492,510
487,494
488,495
489,496
489,497
489,498
490,499
489,500
490,501
490,502
492,510
493,511
494,512
494,513
493,514
494,515
495,516
494,517
494,517
495,518
496,519
495,520
495,521
496,522
493,469
494,469
495,469
496,469
497,468
498,468
499,468
500,468
501,468
502,467
503,467
504,467
505,467
506,466
507,466
508,466
509,466
510,466
511,465
512,465
513,465
514,465
515,464
516,464
517,464
518,464
519,463
520,463
521,463
522,463
523,462
524,462
525,462
526,462
527,461
528,461
529,461
530,460
531,460
532,460
533,460
534,459
535,459
536,459
537,458
538,458
539,458
540,457
541,457
542,457
543,457
544,456
545,456
546,456
547,455
548,455
549,455
550,454
551,454
552,454
553,453
554,453
555,452
556,452
557,451
558,451
559,450
560,450
561,449
562,449
563,448
564,448
565,447
566,447
567,446
568,446
569,445
570,445
571,444
572,444
573,444
496,522
497,523
496,524
495,525
496,526
497,527
498,528
499,529
499,530
499,531
500,532
500,533
500,534
501,535
501,536
501,537
501,538
501,539
502,540
502,541
502,542
502,543
502,544
503,545
503,546
503,547
503,548
503,549
504,550
504,551
504,552
504,553
504,554
505,555
505,556
505,557
505,558
505,559
506,560
506,561
506,562
506,563
506,564
507,565
507,566
507,567
507,568
508,569
508,570
508,571
508,572
508,573
509,574
509,575
509,576
509,577
509,578
510,579
510,580
510,581
510,582
510,583
511,584
511,585
511,586
511,587
511,588
512,589
512,590
512,591
512,592
512,593
512,594
513,595
513,596
513,597
513,598
513,599
513,600
513,601
514,602
514,603
514,604
514,605
514,606
514,607
514,608
515,609
515,610
515,611
515,612
515,613
516,614
516,615
516,616
516,617
516,618
517,619
517,620
517,621
517,622
517,623
518,624
519,625
520,626
521,627
522,628
523,629
524,630
525,631
526,632
527,633
528,634
529,635
530,636
531,637
532,638
533,639
534,640
535,641
536,642
537,643
538,644
539,645
540,646
541,647
542,648
543,649
544,650
545,651
546,652
547,653
548,654
549,655
550,656
551,657
552,658
553,659
554,660
555,661
556,662
557,663
558,664
559,665
560,666
561,667
562,668
563,669
564,670
565,671
566,672
567,673
568,674
569,675
570,676
571,677
572,678
573,679
574,680
575,681
576,682
577,683
578,684
579,685
580,686
581,687
582,688
583,689
584,690
585,691
586,692
587,693
588,694
589,695
590,696
591,697
592,698
593,699
594,700
595,701
596,702
597,703
598,704
573,444
574,443
575,442
576,442
577,441
578,441
579,440
580,440
581,439
582,439
583,438
584,438
585,437
586,436
587,435
573,444
574,445
575,446
576,447
577,448
578,449
579,450
580,451
581,452
582,453
583,454
584,455
585,456
586,457
587,458
588,459
589,460
590,461
591,462
592,463
593,464
594,465
595,466
596,467
597,468
598,469
599,470
600,471
601,472
602,473
603,474
604,475
605,476
606,477
607,478
608,479
609,480
610,481
611,482
612,483
613,484
614,485
615,486
616,487
617,488
618,489
619,490
620,491
621,492
622,493
623,494
624,495
625,496
626,497
627,498
628,499
629,500
630,501
631,502
632,503
633,504
634,505
635,506
636,507
637,508
638,509
639,510
640,511
641,512
642,513
643,514
644,515
645,516
646,517
647,518
648,519
649,520
650,521
651,522
652,523
653,524
654,525
655,526
656,527
657,528
658,529
659,530
660,531
661,532
662,533
663,534
664,535
665,536
666,537
667,538
668,539
669,540
670,541
671,542
672,543
673,544
674,545
675,546
676,547
677,548
678,549
679,550
680,551
681,552
682,553
683,554
684,555
685,556
686,557
687,558
688,559
689,560
690,560
691,561
692,562
693,563
694,564
695,565
696,566
697,566
698,567
699,568
700,569
701,570
702,571
703,571
704,572
705,573
706,574
707,574
708,575
709,576
710,577
711,577
712,578
713,579
714,579
715,580
716,581
717,581
718,582
719,583
720,583
721,584
722,584
723,585
724,585
725,585
726,586
727,586
728,586
729,587
730,587
731,587
732,588
733,588
734,588
735,589
736,589
737,589
738,589
739,589
740,589
741,589
742,589
743,588
744,587
745,586
746,585
747,584
748,583
749,582
750,581
751,580
752,579
753,578
754,577
755,576
756,575
587,435
588,434
588,433
589,432
589,431
590,430
590,429
590,428
590,427
590,426
590,425
591,424
591,423
591,422
591,421
591,420
591,419
592,418
592,417
592,416
592,415
592,414
592,413
593,412
593,411
593,410
593,409
593,408
593,407
594,406
594,405
594,404
594,403
594,402
594,401
595,400
595,399
595,398
595,397
595,396
595,395
595,394
596,393
597,392
598,391
599,390
600,389
601,388
602,387
603,386
604,385
605,384
606,383
607,382
608,381
609,380
610,379
611,378
612,377
613,376
614,375
615,374
616,373
617,372
618,371
619,370
620,369
621,368
622,367
623,366
624,365
625,364
626,363
627,362
628,361
629,360
630,359
631,358
632,357
633,356
634,355
635,354
636,353
637,352
638,351
639,350
640,349
641,348
642,347
643,346
644,345
645,344
646,343
647,342
648,341
649,340
650,339
651,338
652,337
653,336
654,335
655,334
656,333
657,332
658,331
659,330
660,329
661,328
662,327
663,326
664,325
665,324
666,323
667,322
668,321
669,320
670,319
671,318
672,317
673,316
674,315
675,314
676,313
677,312
678,311
679,310
680,309
681,308
682,307
683,306
684,305
685,304
686,303
687,302
688,301
689,300
690,299
691,298
692,297
693,296
694,295
695,294
696,293
697,292
698,291
699,290
700,289
701,288
702,287
703,286
704,285
705,284
706,283
707,282
708,281
709,280
710,279
711,278
712,277
713,276
714,275
715,274
716,273
717,272
718,271
587,435
588,436
589,436
590,436
591,436
592,437
593,437
594,437
595,437
596,437
597,437
598,437
599,437
600,437
601,438
602,438
603,438
604,438
605,438
606,438
607,438
608,438
609,438
610,439
611,439
612,439
613,439
614,439
615,439
616,439
617,439
618,439
619,439
620,440
621,440
622,440
623,440
624,440
625,440
626,440
627,440
628,441
629,441
630,441
631,441
632,441
633,441
634,441
635,441
636,442
637,442
638,442
639,442
640,442
641,442
642,442
643,442
644,442
645,443
646,443
647,443
648,443
649,443
650,443
651,443
652,443
653,444
654,444
655,444
656,444
657,444
658,444
659,444
660,444
661,445
662,445
663,445
664,445
665,445
666,445
667,445
668,445
669,446
670,446
671,446
672,446
673,446
674,446
675,446
676,446
677,446
678,447
679,447
680,447
681,447
682,447
683,447
684,447
685,447
686,447
687,447
688,447
689,447
690,447
691,447
692,447
692,447
693,446
694,445
695,445
696,444
697,444
698,443
699,443
700,442
701,442
702,441
703,441
704,440
705,440
706,439
707,439
708,438
709,438
710,438
711,437
712,437
713,436
714,436
715,435
716,435
717,434
718,434
719,433
720,433
721,432
722,432
723,431
724,431
725,430
726,429
692,447
693,448
694,449
695,449
695,449
696,450
697,450
698,450
698,448
699,447
700,448
701,449
702,450
703,451
704,452
704,452
705,453
706,454
707,455
708,456
709,456
710,457
711,457
712,458
713,458
714,459
715,459
716,460
717,461
718,461
719,462
720,462
721,463
722,463
723,464
724,464
725,465
726,465
727,466
728,467
729,467
730,468
731,468
732,469
733,469
734,470
735,470
736,471
737,472
738,472
739,473
740,473
741,474
742,474
743,475
744,475
745,475
746,475
747,475
748,475
749,475
750,475
751,476
752,476
753,476
754,476
755,476
756,476
757,476
758,476
759,476
760,476
761,476
762,476
763,476
764,476
765,477
766,477
767,477
768,477
769,477
770,477
771,477
772,477
773,477
774,477
775,477
776,477
777,477
778,477
779,478
780,478
781,478
782,478
783,478
784,478
785,478
786,478
787,478
788,478
789,478
790,478
791,478
792,478
793,478
794,478
795,478
796,478
797,478
798,478
799,478
800,479
801,479
802,478
803,478
804,478
805,478
806,478
807,478
808,478
809,478
810,478
811,478
812,478
813,478
814,478
815,478
816,478
817,478
818,479
819,480
820,481
821,482
822,483
726,429
727,430
728,429
727,428
728,427
729,426
730,425
731,424
732,423
733,422
734,421
735,420
736,419
737,418
738,417
739,416
740,415
741,414
742,413
743,412
744,411
745,410
746,409
747,408
748,407
749,406
750,405
751,404
752,403
753,402
754,401
755,400
756,399
757,398
758,397
759,396
760,395
761,394
762,393
763,392
764,391
765,390
766,389
767,388
768,387
769,386
770,385
771,384
772,383
773,382
774,381
775,380
776,379
777,378
778,377
779,376
780,375
781,374
782,373
783,372
784,371
785,370
786,369
787,368
788,367
789,366
790,365
728,429
729,429
730,428
731,428
732,427
733,427
734,426
735,426
736,425
737,425
738,424
739,424
740,423
741,423
742,422
743,422
744,422
745,421
746,421
747,420
748,420
749,420
750,419
751,419
752,418
753,418
754,417
755,417
756,417
757,416
758,416
759,416
760,415
761,415
762,415
763,414
764,414
765,414
766,413
767,412
767,412
768,411
769,410
770,409
771,408
772,407
773,406
774,405
775,404
776,403
777,402
778,401
779,400
780,399
781,398
782,397
783,396
784,395
785,394
786,393
787,392
788,391
789,390
790,389
791,388
792,387
793,386
794,385
795,384
796,383
797,382
798,381
799,380
800,379
801,378
802,377
803,376
804,375
805,374
806,373
767,412
768,413
769,413
770,413
771,412
772,412
773,412
774,412
775,412
776,411
777,411
778,410
778,410
779,409
780,408
781,407
782,406
783,405
784,404
785,403
786,402
787,401
788,400
789,399
790,398
791,397
792,396
793,395
794,394
795,393
796,392
797,391
798,390
799,389
800,388
801,387
802,386
803,385
804,384
805,383
806,382
807,381
808,380
809,379
810,378
778,410
779,411
780,411
781,411
782,411
783,411
784,411
785,411
786,412
787,411
788,412
789,412
790,412
791,412
792,412
793,412
794,412
795,412
796,413
797,413
798,413
799,413
800,413
801,413
802,413
803,413
804,414
805,414
806,414
807,414
808,414
809,414
810,415
811,415
812,415
813,415
814,416
815,416
816,416
817,416
818,416
819,417
820,417
821,417
822,417
823,417
824,417
825,417
