167,389
168,389
169,388
170,388
171,387
172,387
173,387
174,387
175,387
176,387
177,386
178,386
179,386
180,386
181,386
182,385
183,385
184,385
185,385
186,385
187,385
188,385
189,385
190,385
191,385
192,385
193,385
194,385
195,385
196,386
197,386
198,386
199,386
200,386
201,386
202,386
203,386
204,386
205,386
206,386
207,386
208,386
209,386
210,386
211,386
212,386
213,386
214,386
215,386
216,386
217,386
218,385
219,385
220,385
221,385
222,384
223,384
224,384
225,385
226,385
227,385
228,386
229,386
230,386
231,386
232,386
233,386
234,386
235,387
236,387
237,387
238,387
239,388
240,388
241,388
242,388
243,389
244,389
245,390
246,390
247,391
248,391
249,392
250,392
251,393
252,394
253,395
254,396
255,397
256,398
257,399
258,400
259,401
260,402
261,403
262,404
263,405
264,406
265,407
266,408
267,409
268,410
269,411
270,412
271,413
272,414
273,415
274,416
275,417
276,418
277,419
278,420
279,421
280,422
281,423
282,424
283,425
284,426
285,427
286,428
287,429
288,430
289,431
290,432
291,433
292,434
293,435
294,436
295,437
296,438
297,439
298,440
299,441
300,442
301,443
302,444
303,445
304,446
305,447
306,448
307,449
308,450
309,451
310,452
311,453
312,454
313,455
314,456
315,457
316,458
317,459
318,460
319,461
320,462
321,463
322,464
323,465
324,466
325,467
326,468
327,469
328,470
329,471
330,472
331,473
332,474
333,475
334,476
335,477
336,478
337,479
338,480
339,481
340,482
341,483
342,484
343,485
344,486
345,487
346,488
347,489
348,490
349,491
350,492
351,493
352,494
353,495
354,496
355,497
356,498
357,499
358,500
359,501
360,502
361,503
362,504
363,505
364,506
365,507
366,508
367,509
368,510
369,511
370,512
370,512
371,512
372,511
373,511
374,511
375,510
376,510
377,510
378,510
379,510
380,509
381,509
382,509
383,509
384,509
385,509
386,509
387,509
388,509
389,509
390,509
391,509
392,509
393,509
394,510
395,510
396,510
397,510
398,510
399,510
400,510
401,511
402,512
403,512
404,512
405,513
406,513
407,512
408,513
409,513
410,512
411,512
412,512
413,512
414,512
415,512
416,512
417,512
418,512
419,512
420,512
421,511
422,512
423,512
424,511
425,512
426,512
427,512
428,512
429,512
430,512
431,512
432,512
433,512
434,512
435,512
436,512
437,512
438,512
439,512
440,511
441,511
442,511
443,511
444,511
445,510
446,510
447,509
448,509
449,509
450,508
451,507
452,506
453,505
454,504
455,503
456,502
457,501
458,500
459,499
459,498
460,497
460,496
461,495
461,494
462,493
462,492
462,491
463,490
464,489
465,488
466,488
467,487
467,486
468,485
469,484
470,483
471,482
472,481
473,480
473,479
474,478
475,477
476,476
476,475
477,474
478,473
479,472
480,471
481,471
482,470
483,470
484,470
485,469
486,468
487,468
488,467
489,466
490,466
491,465
492,464
493,463
493,462
494,461
494,460
495,459
496,458
497,457
498,456
499,455
500,455
501,454
501,453
501,452
502,451
502,450
503,449
503,448
503,447
504,446
505,445
506,444
506,443
506,442
507,441
508,441
509,440
419,153
418,152
418,151
418,150
418,149
418,148
417,147
417,146
417,145
417,144
417,143
417,142
417,141
417,140
417,139
417,138
417,137
417,136
417,135
416,134
416,133
416,132
415,131
415,130
415,129
414,128
414,127
414,126
414,125
415,124
415,123
415,122
415,121
415,120
415,119
415,118
416,117
416,116
416,115
416,114
416,113
416,112
416,111
417,110
417,109
417,108
417,107
417,106
417,105
417,104
418,103
418,102
418,101
418,100
418,99
418,98
419,97
419,96
419,95
419,94
419,93
419,92
419,91
420,90
420,89
420,88
421,87
419,153
420,154
421,155
422,156
423,157
424,158
425,159
426,160
426,161
427,162
427,163
428,164
429,165
430,166
431,167
431,168
432,169
433,170
434,171
435,171
436,172
437,173
438,174
439,175
440,175
441,176
442,177
443,178
444,179
445,180
446,181
446,182
447,183
447,184
448,185
448,186
448,187
448,188
449,189
449,190
449,191
449,192
450,193
450,194
451,195
451,196
451,197
452,198
452,199
452,200
453,201
453,202
453,203
453,204
453,205
453,206
453,207
453,208
453,209
454,210
454,211
454,212
454,213
454,214
454,215
455,216
455,217
455,218
455,219
456,220
456,221
456,222
456,223
456,224
455,225
455,226
455,227
455,228
454,229
453,230
453,231
453,232
452,233
451,234
450,235
449,236
448,237
447,238
446,239
445,240
444,241
443,242
422,86
423,85
424,85
425,85
426,84
427,84
428,84
429,83
430,83
431,83
432,83
433,82
434,82
435,81
435,80
435,79
436,78
436,77
436,76
436,75
436,74
436,73
436,72
437,71
436,70
435,69
435,68
434,67
433,66
432,65
431,64
430,63
429,63
428,62
443,242
443,243
444,244
444,245
445,246
446,247
447,248
447,249
448,250
449,251
450,252
450,253
451,254
452,255
452,256
452,257
453,258
453,259
453,260
453,261
454,262
454,263
454,264
455,265
456,266
456,267
456,268
457,269
457,270
457,271
458,272
458,273
458,274
458,275
458,276
458,277
459,278
459,279
459,280
459,281
459,282
460,283
460,284
460,285
461,286
461,287
461,288
461,289
461,290
461,291
461,292
462,293
462,294
462,295
462,296
462,297
463,298
463,299
463,300
464,301
465,302
465,303
465,304
466,305
467,306
468,307
469,308
468,309
468,310
468,311
468,312
468,313
468,314
468,315
467,316
467,317
467,318
467,319
467,320
466,321
466,322
466,323
467,324
467,325
467,326
468,327
468,328
468,329
469,330
469,331
469,332
470,333
470,334
470,335
470,336
470,337
471,338
471,339
471,340
471,341
471,342
471,343
471,344
471,345
471,346
471,347
472,348
472,349
471,350
470,351
470,352
470,353
470,354
471,355
472,356
473,357
474,358
475,359
476,360
477,361
478,362
479,363
480,364
481,365
482,366
483,367
484,368
485,369
486,370
487,371
488,372
488,373
488,374
489,375
490,376
490,377
490,378
490,379
490,380
491,381
492,382
492,383
492,384
492,385
493,386
494,387
494,388
494,389
494,390
494,391
494,392
494,393
494,394
494,395
494,396
494,397
494,398
495,399
495,400
495,401
495,402
496,403
496,404
496,405
497,406
498,407
498,408
498,409
499,410
499,411
499,412
500,413
501,414
502,415
503,416
504,417
505,418
506,419
507,420
508,421
509,422
510,423
511,424
511,425
512,426
512,427
512,428
512,429
512,430
512,431
512,432
512,433
512,434
512,435
511,436
511,437
511,438
510,439
509,440
509,440
510,441
511,441
512,442
513,442
514,442
515,442
516,442
517,442
518,441
519,441
520,441
521,440
522,440
523,439
524,439
525,439
526,438
527,438
528,438
529,438
530,438
531,438
532,438
533,438
534,438
535,438
536,438
537,438
538,438
539,439
540,439
541,439
542,439
543,439
544,440
545,440
546,440
547,440
548,440
549,441
550,442
551,443
552,443
553,444
554,445
555,445
556,445
557,446
558,446
559,446
560,446
561,446
562,446
563,446
564,446
565,446
566,446
567,446
568,446
569,446
570,446
571,446
572,447
573,447
574,447
575,447
576,448
577,448
578,448
579,449
580,449
580,449
581,448
582,447
583,446
584,445
585,444
586,443
587,442
588,441
589,440
590,439
591,438
592,437
593,436
594,435
595,434
596,433
597,432
598,431
599,430
600,429
601,428
602,427
603,426
604,425
605,424
606,424
607,424
608,424
609,424
610,424
611,424
612,424
613,424
614,425
615,425
616,425
617,425
618,426
619,426
620,426
621,426
622,427
623,427
624,428
625,428
626,429
627,429
628,430
629,430
630,430
631,431
632,432
633,433
634,434
635,435
636,436
637,437
638,438
639,438
640,439
641,440
642,440
643,440
644,441
645,441
646,441
647,442
648,442
649,442
650,442
651,442
652,442
653,442
654,442
655,442
656,442
657,442
658,442
659,442
660,443
661,443
662,443
663,444
664,445
665,445
666,445
667,445
668,445
669,445
670,445
671,445
672,446
673,446
674,447
675,447
676,448
677,448
678,448
679,448
680,448
681,448
682,449
683,449
684,449
685,449
686,449
687,449
688,450
689,450
690,450
691,450
692,450
693,450
694,450
695,450
696,450
697,450
698,450
699,450
700,449
701,449
702,449
703,449
704,449
705,449
706,448
707,449
708,449
709,449
710,449
711,450
712,450
713,449
714,449
715,448
716,448
717,448
718,447
719,447
720,447
721,447
722,446
723,446
724,446
725,446
726,445
727,445
728,444
729,444
730,444
731,444
732,444
733,443
734,443
735,442
736,441
737,440
738,439
739,438
740,437
741,436
742,436
743,436
744,437
745,437
746,437
580,449
581,450
582,451
583,452
584,453
585,454
586,455
587,456
588,457
589,458
590,459
591,460
592,461
593,462
594,463
595,464
596,465
597,466
598,467
599,468
600,469
601,470
602,471
603,472
604,473
605,474
606,475
607,476
608,477
609,478
610,479
611,480
612,481
613,482
614,483
615,484
616,485
617,486
618,487
619,488
620,489
621,490
622,491
623,492
624,493
625,494
626,495
627,496
628,497
629,498
630,499
631,500
632,501
633,502
634,503
635,504
636,505
637,506
638,507
639,508
640,509
641,510
642,511
643,512
644,513
645,514
646,515
647,516
648,517
649,518
650,519
651,520
652,521
653,522
654,523
655,524
656,525
657,526
658,527
659,528
660,529
661,530
662,531
663,532
664,533
665,534
666,535
667,536
668,537
669,538
670,539
671,540
672,541
673,542
674,543
675,544
676,545
677,546
678,547
679,548
680,549
681,550
682,551
683,552
684,553
685,554
686,555
687,556
688,557
689,558
690,559
691,560
692,561
693,562
694,563
695,564
696,565
697,566
698,567
699,568
700,569
701,570
702,571
703,572
704,573
705,574
706,575
707,576
708,577
709,578
710,579
711,580
712,581
713,582
714,583
715,584
716,585
717,586
718,586
719,587
720,587
721,588
722,589
723,589
724,588
725,589
726,589
727,589
728,590
729,590
730,589
731,590
732,590
733,590
734,590
735,589
736,589
737,588
738,588
739,588
740,588
741,588
747,437
748,436
749,435
750,434
751,433
752,432
753,431
754,430
755,429
756,428
757,427
758,426
759,425
760,424
761,423
762,422
763,421
764,420
765,419
766,418
767,417
768,416
769,415
770,414
771,413
772,412
773,411
774,410
775,410
776,410
777,410
778,410
779,410
780,410
781,411
782,411
783,411
784,411
785,411
786,411
787,411
788,411
789,411
790,411
791,411
792,410
793,411
794,411
795,411
796,411
797,411
798,412
799,412
800,412
801,413
802,414
803,414
804,414
805,414
806,415
807,415
808,415
809,415
810,415
811,416
812,416
813,416
814,416
815,417
816,417
817,416
818,417
819,417
820,416
821,417
822,417
823,416
824,416
747,438
748,439
749,440
750,441
751,442
752,443
753,444
754,445
755,446
756,447
757,448
758,449
759,450
760,451
761,452
762,453
763,454
764,455
765,456
766,457
767,458
768,459
769,460
770,461
771,462
772,463
773,464
774,465
775,466
776,467
777,468
778,469
779,470
780,471
781,472
782,473
783,474
784,475
785,476
786,477
787,478
788,478
789,478
790,478
791,478
792,478
793,478
794,478
795,478
796,478
797,478
798,478
799,478
800,478
801,478
802,478
803,478
804,478
805,478
806,478
807,478
808,478
809,478
810,478
811,479
812,479
813,479
814,479
