420,154
421,155
422,156
422,157
423,158
423,159
424,160
425,161
426,162
427,163
428,164
429,165
430,166
431,167
432,168
433,169
434,170
435,171
436,172
437,173
438,174
439,175
440,176
441,177
442,178
443,179
444,179
445,180
446,181
447,182
447,183
447,184
447,185
447,186
447,187
447,188
447,189
447,190
447,191
447,192
447,193
447,194
447,195
447,196
447,197
447,198
447,199
447,200
447,201
447,202
447,203
447,204
447,205
447,206
447,207
447,208
447,209
447,210
447,211
447,212
447,213
447,214
447,215
447,216
447,217
447,218
447,219
447,220
447,221
447,222
447,223
447,224
447,225
447,226
447,227
447,228
447,229
447,230
447,231
447,232
447,233
447,234
447,235
447,236
447,237
447,238
447,239
447,240
447,241
447,242
447,243
447,244
447,245
447,246
447,247
447,248
447,249
447,250
447,251
447,252
447,253
447,254
447,255
447,256
447,257
447,258
447,259
447,260
447,261
447,262
447,263
447,264
447,265
447,266
447,267
447,268
447,269
447,270
447,271
447,272
447,273
447,274
447,275
447,276
447,277
447,278
447,279
447,280
447,281
447,282
447,283
447,284
447,285
447,286
447,287
447,288
447,289
447,290
447,291
447,292
447,293
447,294
447,295
447,296
447,297
447,298
447,299
447,300
447,301
447,302
447,303
447,304
447,305
447,306
447,307
447,308
447,309
447,310
447,311
447,312
447,313
447,314
447,315
447,316
447,317
447,318
447,319
447,320
447,321
447,322
447,323
447,324
447,325
447,326
447,327
447,328
447,329
447,330
447,331
447,332
447,333
447,334
447,335
447,336
420,152
420,151
420,150
420,149
420,148
420,147
420,146
420,145
420,144
419,143
418,142
418,141
417,140
417,139
416,138
416,137
415,136
415,135
415,134
414,133
414,132
414,131
414,130
414,129
414,128
414,127
414,126
414,125
414,124
414,123
414,122
414,121
414,120
414,119
414,118
414,117
414,116
415,115
415,114
415,113
416,112
416,111
416,110
417,109
417,108
417,107
418,106
418,105
418,104
419,103
419,102
419,101
419,100
419,99
419,98
420,97
420,96
421,95
421,94
422,93
422,92
423,91
424,90
424,88
423,87
422,86
421,85
420,84
420,83
419,82
419,81
418,80
418,79
417,78
417,77
417,76
417,75
417,74
417,73
417,72
417,71
418,70
418,69
419,68
419,67
420,66
420,65
421,64
422,63
423,62
424,62
425,62
426,62
427,62
428,62
425,89
426,89
427,89
428,88
429,87
429,86
430,85
431,84
431,83
432,82
433,81
433,80
434,79
435,78
435,77
436,76
437,75
438,74
438,73
429,62
430,63
431,64
432,65
433,66
434,67
435,68
436,69
437,70
438,71
447,337
448,338
449,338
450,339
451,340
452,341
453,342
453,343
453,344
453,345
453,346
453,347
453,348
453,349
453,350
453,351
453,352
453,353
453,354
453,355
453,356
453,357
453,358
453,359
453,360
453,361
453,362
453,363
453,364
453,365
453,366
453,367
453,368
453,369
453,370
453,371
453,372
453,373
453,374
453,375
453,376
453,377
453,378
453,379
453,380
453,381
453,382
453,383
453,384
453,385
453,386
453,387
453,388
453,389
453,390
453,391
453,392
453,393
453,394
453,395
453,395
454,396
455,397
456,398
457,399
458,400
458,401
459,402
460,403
461,404
462,405
462,406
463,407
464,408
465,409
465,410
466,411
466,412
466,413
466,414
466,415
466,416
467,417
468,418
468,419
468,420
468,421
468,422
468,423
468,424
468,425
468,426
468,427
468,428
468,429
468,430
468,431
468,432
468,433
468,434
468,435
468,436
468,437
468,438
468,439
468,440
468,441
468,442
468,443
468,444
468,445
468,446
468,447
468,448
468,449
468,450
468,451
468,452
468,453
468,454
468,454
469,455
470,455
471,455
472,456
473,455
474,456
475,456
476,456
477,456
478,456
479,457
480,457
481,457
482,457
483,457
484,458
485,458
486,458
487,459
488,459
489,459
490,460
491,460
492,460
493,461
494,461
495,461
496,461
497,461
498,461
499,461
500,462
501,462
502,462
503,462
504,462
505,462
506,463
507,463
508,463
509,463
510,463
511,464
512,464
513,464
514,465
515,466
516,466
517,466
518,466
519,466
520,467
521,467
522,467
523,468
524,468
525,469
526,470
527,470
528,470
529,470
530,471
531,471
532,471
533,471
534,471
535,472
536,471
537,472
538,472
539,472
540,473
541,472
542,473
543,472
544,473
545,473
546,472
547,472
548,472
549,472
550,472
551,472
552,472
553,472
554,472
555,472
556,473
557,473
558,473
559,473
560,474
561,474
562,474
563,473
564,474
565,474
566,473
567,474
568,473
569,473
570,473
571,473
572,473
573,473
574,473
575,473
576,473
577,473
578,473
579,474
580,474
581,474
582,474
583,475
584,475
585,475
586,475
587,474
588,474
589,473
589,472
589,471
589,470
589,469
589,468
589,467
589,466
589,465
589,464
589,463
589,462
589,461
589,460
589,459
589,458
590,457
591,456
592,455
593,454
594,453
595,452
595,451
596,450
597,449
598,448
599,447
600,446
601,445
602,444
603,443
604,443
605,442
606,442
607,441
608,441
609,440
610,440
611,439
612,439
613,438
614,438
615,437
616,437
617,437
618,437
619,437
620,437
621,436
622,436
623,435
624,435
625,434
626,434
627,434
628,433
629,433
630,432
631,432
632,432
633,431
634,431
635,430
636,430
637,429
638,429
639,429
640,428
641,428
642,428
643,428
644,427
645,427
646,427
647,427
648,426
649,426
650,426
651,426
652,425
653,425
654,424
655,424
656,424
657,423
658,423
659,423
660,422
661,422
662,421
589,475
589,476
589,477
589,478
589,479
589,480
589,481
589,482
589,483
589,484
589,485
589,486
589,487
589,488
589,489
589,490
589,491
589,492
589,493
589,494
589,495
589,496
589,497
589,498
589,499
589,500
589,501
589,502
589,503
589,504
589,505
589,506
589,507
589,508
589,509
589,510
589,511
589,512
589,513
589,514
589,515
589,516
589,517
589,518
589,519
589,520
589,521
589,522
589,523
589,524
589,525
589,526
589,527
589,528
589,529
589,530
589,531
589,532
589,533
589,534
589,535
589,536
589,537
589,538
589,539
589,540
589,541
589,542
589,543
589,544
589,545
589,546
589,547
589,548
589,549
589,550
589,551
589,552
589,553
589,554
590,555
591,556
592,557
593,558
594,559
595,560
596,560
597,560
598,560
599,560
600,560
601,560
602,560
603,561
604,561
605,562
606,562
607,562
608,562
609,563
610,563
611,563
612,563
613,563
614,563
615,563
616,564
617,564
618,565
619,565
620,565
621,566
622,566
623,566
624,566
625,566
626,566
627,566
628,567
629,567
630,567
631,567
632,567
633,567
634,567
635,567
636,567
637,567
638,567
639,567
640,567
641,567
642,567
643,567
644,567
645,567
646,567
647,567
648,567
649,567
650,567
651,567
652,567
653,567
654,567
655,567
656,567
657,567
658,567
659,567
660,567
661,567
662,567
663,567
664,567
665,567
666,567
667,567
668,567
669,567
670,567
671,567
672,567
673,567
674,567
675,567
676,567
677,567
678,567
679,567
680,567
681,567
682,567
683,567
684,567
685,567
686,567
687,567
688,567
689,567
690,567
691,567
692,567
693,567
694,567
695,567
696,567
697,567
698,567
699,567
700,567
701,568
702,569
703,569
704,570
705,570
706,571
707,571
708,572
709,572
710,573
711,573
712,574
713,574
714,575
715,575
716,576
717,576
718,577
719,577
720,578
721,578
722,579
723,579
724,580
725,580
726,581
727,581
728,582
729,582
730,582
731,583
732,584
733,584
734,585
735,585
736,586
737,586
738,587
739,587
740,587
741,588
742,588
743,589
744,588
745,589
746,589
590,474
591,474
592,474
593,474
594,474
595,474
596,474
597,474
598,474
599,474
600,474
601,474
602,474
603,474
604,474
605,474
606,474
607,474
608,474
609,474
610,474
611,474
612,474
613,474
614,474
615,474
616,474
617,474
618,474
619,474
620,474
621,474
622,474
623,474
624,474
625,474
626,474
627,474
628,474
629,474
630,474
631,474
632,474
633,474
634,474
635,474
636,474
637,474
638,474
639,474
640,474
641,474
642,474
643,474
644,474
645,474
646,474
647,474
648,474
649,474
650,474
651,474
652,474
653,474
654,474
655,474
656,474
657,474
658,474
659,474
660,474
661,474
662,474
663,474
664,474
665,474
666,474
667,474
668,474
669,474
670,474
671,474
672,474
673,474
674,474
675,474
676,474
677,474
678,474
679,474
680,474
681,474
682,474
683,474
684,474
685,474
686,474
687,474
688,474
689,474
690,474
691,474
692,474
693,474
694,474
695,474
696,474
697,474
698,474
699,474
700,474
701,474
702,474
703,474
704,474
705,474
706,474
707,474
708,474
709,474
710,474
711,474
712,474
713,474
714,474
715,474
716,474
717,474
718,474
719,474
720,474
721,474
722,474
723,474
724,474
725,474
726,474
727,474
728,474
729,474
730,474
731,474
732,474
733,474
734,474
735,474
736,474
737,474
738,474
739,474
740,474
741,474
742,474
743,474
744,474
745,474
746,475
747,475
748,475
749,476
750,476
751,476
752,476
753,476
754,476
755,476
756,476
757,476
758,476
759,476
760,476
761,476
762,476
763,476
764,476
765,477
766,477
767,478
662,420
662,419
662,418
662,417
662,416
662,415
662,414
662,413
662,412
662,411
662,410
662,409
662,408
662,407
662,406
662,405
662,404
662,403
662,402
662,401
662,400
662,399
662,398
662,397
662,396
662,395
662,394
662,393
662,392
662,391
662,390
662,389
662,388
662,387
662,386
662,385
662,384
662,383
662,382
662,381
662,380
662,379
662,378
662,377
662,376
662,375
662,374
662,373
662,372
662,371
662,370
662,369
662,368
662,367
662,366
662,365
662,364
662,363
662,362
662,361
662,360
662,359
662,358
662,357
663,356
663,355
663,354
663,353
663,352
664,351
664,350
665,349
665,348
666,347
667,346
668,345
668,344
669,343
670,342
671,341
671,340
671,339
671,338
671,337
671,336
672,335
673,334
674,333
675,332
676,331
677,330
678,329
679,329
680,328
681,328
682,328
683,328
684,328
685,328
686,328
687,328
688,328
689,328
690,328
691,328
692,327
693,326
694,325
695,324
695,323
696,322
697,321
663,421
664,421
665,421
666,421
667,421
668,421
669,421
670,421
671,421
672,421
673,421
674,421
675,421
676,421
677,421
678,421
679,421
680,421
681,421
682,421
683,421
684,421
685,421
686,421
687,421
688,421
689,421
690,421
691,421
692,421
693,421
694,421
695,421
696,421
697,421
698,421
699,421
700,421
701,421
702,421
703,421
704,421
705,421
706,421
707,421
708,421
709,421
710,421
711,421
712,421
713,421
714,421
715,421
716,421
717,421
718,421
719,421
720,421
721,421
722,421
723,421
724,421
725,421
726,421
727,421
728,421
729,421
730,421
731,421
732,421
733,421
734,421
735,421
736,421
737,421
738,421
739,421
740,421
741,421
742,421
743,421
744,421
745,421
746,421
747,421
748,421
749,421
750,421
751,421
752,421
753,421
754,421
755,421
756,421
757,421
758,421
759,421
760,421
761,421
762,421
763,421
764,421
765,421
766,421
767,421
768,421
769,420
770,420
771,420
772,420
773,419
774,419
775,419
776,418
777,418
778,418
779,418
780,417
781,417
782,416
783,416
784,415
785,415
786,415
787,415
788,414
768,478
769,478
770,478
771,478
772,478
773,478
774,478
775,478
776,478
777,478
778,478
779,478
780,478
781,478
782,478
783,478
784,478
785,478
786,478
787,478
788,478
789,478
790,478
791,478
792,478
793,478
794,478
795,478
796,478
797,478
798,478
799,478
800,478
801,478
802,478
803,478
804,478
805,478
806,478
807,478
808,478
809,478
810,478
811,478
812,478
813,478
814,478
