399,511
398,510
397,509
396,508
395,507
394,506
393,505
392,504
391,503
390,502
389,501
388,500
387,499
386,498
385,497
384,496
383,495
382,494
381,493
380,492
379,491
378,490
377,489
376,488
375,487
374,486
373,485
372,484
371,483
370,482
369,481
368,480
367,479
366,478
365,477
364,476
363,475
362,474
361,473
360,472
359,471
358,470
357,469
356,468
355,467
354,466
353,465
352,464
351,463
350,462
349,461
348,460
347,459
346,458
345,457
344,456
343,455
342,454
341,453
340,452
339,451
338,450
337,449
336,448
335,447
334,446
333,445
332,444
331,443
330,442
329,441
328,440
327,439
326,438
325,437
324,436
323,435
322,434
321,433
320,432
319,431
318,430
317,429
316,428
315,427
314,426
313,425
312,424
311,423
310,422
309,421
308,420
307,419
306,418
305,417
304,416
303,415
302,414
301,413
300,412
299,411
298,410
297,409
296,408
295,407
294,406
293,405
292,404
291,403
290,402
289,401
288,400
287,399
286,398
285,398
284,398
283,397
282,397
281,397
280,397
279,397
278,396
277,396
276,395
275,395
274,395
273,395
272,394
271,394
270,394
269,394
268,394
267,393
266,393
265,393
264,393
263,392
262,392
261,392
260,392
259,392
258,391
257,391
256,391
255,391
254,391
253,391
252,391
251,391
250,391
249,391
248,391
247,391
246,391
245,391
244,391
243,391
242,391
241,391
240,391
239,391
238,391
237,391
236,391
235,390
234,390
233,389
232,388
231,387
230,386
229,386
228,386
227,386
226,385
225,385
224,385
223,385
222,384
221,384
220,384
219,384
218,384
217,384
216,384
215,384
214,384
213,385
212,385
211,385
210,386
209,386
208,386
207,386
206,386
205,386
204,386
203,386
202,385
201,385
200,385
199,385
198,385
197,385
196,385
195,385
194,385
193,385
192,385
191,385
190,385
189,385
188,386
187,386
186,387
185,387
184,387
183,387
182,387
181,388
180,388
179,389
178,389
177,389
176,390
175,390
174,390
173,391
172,391
171,391
170,392
169,392
168,392
167,393
166,393
165,393
164,393
163,393
162,394
161,394
160,395
159,396
158,397
157,398
157,399
156,400
155,401
154,402
153,403
152,404
151,405
151,406
150,407
149,408
148,409
147,410
147,411
146,412
145,413
144,414
143,415
142,416
142,417
141,418
140,419
139,420
138,421
137,422
136,423
135,424
134,425
133,426
132,427
131,428
130,429
129,430
128,431
127,432
126,433
125,434
125,435
124,436
124,437
124,438
124,439
124,440
123,441
123,442
123,443
123,444
123,445
123,446
123,447
123,448
123,449
123,450
123,451
123,452
123,453
123,454
123,455
123,456
124,457
124,458
124,459
124,460
124,461
125,462
125,463
125,464
125,465
126,466
126,467
127,468
128,469
129,470
129,471
130,472
131,473
132,474
133,475
133,476
134,477
135,478
136,479
137,480
138,481
139,482
139,483
140,484
141,485
142,486
143,487
143,488
144,489
145,490
145,491
146,492
147,493
147,494
148,495
149,496
150,497
151,498
151,499
152,500
153,501
154,501
155,502
156,503
157,504
158,504
159,505
160,506
161,506
162,507
163,507
164,507
165,507
166,508
167,508
168,508
169,508
170,509
171,509
172,509
173,509
174,509
175,509
176,509
177,509
178,509
179,509
180,509
181,509
182,509
183,509
184,509
185,509
186,509
187,509
188,509
189,509
190,509
191,509
192,509
193,510
194,510
195,510
196,510
197,510
198,510
199,510
200,511
201,511
202,511
203,512
204,512
205,512
206,513
207,513
208,513
209,514
210,514
211,514
212,515
213,515
214,515
215,516
216,516
217,516
218,517
219,517
220,517
221,518
222,518
223,518
224,519
225,519
226,519
227,520
228,520
229,520
230,521
231,521
232,521
233,522
234,522
235,522
236,523
237,523
238,523
239,523
240,524
241,524
242,524
243,524
244,525
245,525
246,525
247,526
248,526
249,526
250,526
251,526
252,526
253,527
254,527
255,527
256,527
257,527
258,528
259,528
260,528
261,528
262,528
263,529
264,529
265,529
266,529
267,530
268,530
269,530
270,530
271,530
272,531
273,531
274,531
275,531
276,531
277,531
278,531
279,531
280,531
281,531
282,531
283,531
284,531
285,531
286,531
287,531
288,531
289,531
290,530
291,530
292,530
293,530
294,530
295,531
296,531
297,531
298,531
299,531
300,531
301,530
302,530
303,530
304,530
305,530
306,530
307,530
308,530
309,530
310,530
311,530
312,530
313,530
314,529
315,529
316,529
317,528
318,528
319,528
320,528
321,528
322,528
323,528
324,527
325,527
326,527
327,527
328,527
329,527
330,527
331,527
332,527
333,527
334,527
335,527
336,527
337,527
338,527
339,527
340,527
341,527
342,527
343,527
344,527
345,527
346,527
347,527
348,527
349,527
350,527
351,527
352,527
353,527
354,527
355,527
356,527
357,527
358,527
359,527
360,527
361,527
362,527
363,527
364,527
365,527
366,527
367,527
368,527
369,527
370,527
371,527
372,527
373,527
374,527
375,527
376,527
377,526
378,526
379,525
380,525
381,525
382,525
383,524
384,524
385,524
386,524
387,523
388,522
389,521
390,520
391,519
392,518
393,517
394,516
395,515
396,514
397,513
398,512
399,511
399,511
400,511
401,511
402,511
403,511
404,511
405,510
406,510
407,510
408,510
409,510
410,510
411,510
412,509
413,509
414,509
415,509
416,509
417,508
418,508
419,508
420,508
421,508
422,508
423,508
424,507
425,507
426,507
427,507
428,507
429,507
430,507
431,506
432,506
433,506
434,506
435,506
436,505
437,505
438,505
439,505
440,505
441,505
442,505
443,504
444,504
445,504
446,504
447,504
448,503
449,503
450,503
451,503
452,503
453,503
454,503
455,503
456,503
457,503
458,503
459,502
460,502
461,502
462,501
463,501
464,500
465,500
466,499
467,498
468,498
469,497
470,496
471,495
472,494
472,493
473,492
473,491
473,490
474,489
474,488
475,487
475,486
475,485
476,484
476,483
476,482
477,481
477,480
477,479
478,478
478,477
479,476
480,475
481,474
482,473
483,472
484,471
485,470
486,469
487,468
488,467
489,466
490,465
491,464
492,463
493,462
494,461
495,460
496,459
497,458
498,457
499,456
500,455
501,454
502,453
503,452
504,451
505,450
420,154
421,155
422,156
422,157
423,158
423,159
424,160
425,161
426,162
427,163
428,164
429,165
430,166
431,167
432,168
433,169
434,170
435,171
436,172
437,173
438,174
439,175
440,176
441,177
442,178
443,179
444,179
445,180
446,181
447,182
447,183
447,184
447,185
447,186
447,187
447,188
447,189
447,190
447,191
447,192
447,193
447,194
447,195
447,196
447,197
447,198
447,199
447,200
447,201
447,202
447,203
447,204
447,205
447,206
447,207
447,208
447,209
447,210
448,211
449,212
450,213
450,214
450,215
450,216
450,217
450,218
450,219
450,220
450,221
450,222
450,223
450,224
450,225
450,226
450,227
450,228
450,229
450,230
450,231
450,232
450,233
450,234
450,235
451,236
451,237
451,238
451,239
451,240
451,241
452,242
452,243
452,244
452,245
452,246
452,247
453,248
453,249
453,250
453,251
453,252
454,253
454,254
454,255
455,256
455,257
455,258
455,259
455,260
455,261
455,262
455,263
455,264
455,265
455,266
455,267
455,268
455,269
454,270
453,271
452,272
451,273
450,274
449,275
420,152
420,151
420,150
420,149
420,148
420,147
420,146
420,145
420,144
419,143
418,142
418,141
417,140
417,139
416,138
416,137
415,136
415,135
415,134
414,133
414,132
414,131
414,130
414,129
414,128
414,127
414,126
414,125
414,124
414,123
414,122
414,121
414,120
414,119
414,118
414,117
414,116
415,115
415,114
415,113
416,112
416,111
416,110
417,109
417,108
417,107
418,106
418,105
418,104
419,103
419,102
419,101
419,100
419,99
419,98
420,97
420,96
421,95
421,94
422,93
422,92
423,91
424,90
424,88
423,87
422,86
421,85
420,84
420,83
419,82
419,81
418,80
418,79
417,78
417,77
417,76
417,75
417,74
417,73
417,72
417,71
418,70
418,69
419,68
419,67
420,66
420,65
421,64
422,63
423,62
424,62
425,62
426,62
427,62
428,62
425,89
426,89
427,89
428,88
429,87
429,86
430,85
431,84
431,83
432,82
433,81
433,80
434,79
435,78
435,77
436,76
437,75
438,74
438,73
429,62
430,63
431,64
432,65
433,66
434,67
435,68
436,69
437,70
438,71
449,275
449,276
449,277
449,278
449,279
449,280
449,281
450,282
451,283
451,284
451,285
452,286
453,287
454,288
454,289
454,290
455,291
455,292
455,293
455,294
455,295
456,296
456,297
456,298
456,299
456,300
456,301
456,302
456,303
456,304
457,305
457,306
457,307
458,308
458,309
458,310
458,311
458,312
458,313
458,314
458,315
458,316
458,317
458,318
458,319
458,320
459,321
459,322
459,323
459,324
459,325
460,326
460,327
460,328
461,329
461,330
461,331
461,332
461,333
461,334
461,335
462,336
462,337
462,338
462,339
462,340
463,341
464,342
465,343
465,344
465,345
466,346
466,347
466,348
466,349
466,350
466,351
466,352
466,353
466,354
466,355
466,356
466,357
466,358
466,359
466,360
466,361
466,362
466,363
466,364
467,365
467,366
467,367
468,368
468,369
468,370
469,371
469,372
469,373
470,374
470,375
470,376
470,377
470,378
470,379
470,380
470,381
470,382
470,383
470,384
470,385
471,386
471,387
471,388
471,389
471,390
471,391
471,392
471,393
471,394
471,395
472,396
473,397
474,398
475,399
476,400
477,401
478,402
479,403
480,404
481,405
482,406
483,407
484,408
485,409
486,410
487,411
488,412
488,413
488,414
489,415
490,416
490,417
491,418
492,419
493,420
493,421
494,422
495,423
496,424
496,425
496,426
497,427
497,428
498,429
498,430
498,431
499,432
499,433
499,434
499,435
499,436
500,437
500,438
500,439
500,440
500,441
501,442
502,443
502,444
502,445
503,446
503,447
503,448
504,449
505,450
505,450
506,450
507,449
508,449
509,449
510,448
511,448
512,448
513,447
514,447
515,447
516,446
517,446
518,446
519,445
520,445
521,445
522,444
523,444
524,444
525,443
526,443
527,443
528,442
529,442
530,442
531,441
532,441
533,441
534,441
535,441
536,441
537,441
538,441
539,441
540,441
541,441
542,441
543,441
544,441
545,441
546,441
547,441
548,441
549,441
550,441
551,441
552,441
553,441
554,441
555,441
556,441
557,441
558,441
559,441
560,440
561,440
562,440
563,439
564,439
565,439
566,438
567,438
568,437
569,436
570,435
571,434
572,433
573,432
574,432
575,431
576,431
577,430
578,430
579,430
580,429
581,429
582,429
583,429
584,429
585,429
586,429
587,429
588,429
589,429
590,429
591,429
592,429
593,429
594,429
595,429
596,429
597,429
598,430
599,431
600,432
601,433
602,434
603,435
604,436
605,436
606,436
607,437
608,438
609,438
610,438
611,439
612,439
613,439
614,439
615,439
616,439
617,439
618,439
619,439
620,439
621,439
622,440
623,441
624,441
625,441
626,442
627,442
628,442
629,443
630,443
631,443
632,443
633,443
634,443
635,443
636,444
637,444
638,444
639,444
640,444
641,444
642,444
643,444
644,444
645,444
646,444
647,444
648,444
649,444
650,444
651,444
652,444
653,444
654,444
655,444
656,444
657,444
658,444
659,444
660,444
661,444
662,444
663,444
664,444
665,444
666,444
667,444
668,444
669,444
670,444
671,444
672,444
673,444
674,444
675,445
676,445
677,445
678,445
679,445
680,445
681,445
682,446
683,446
684,446
685,447
686,447
687,447
688,447
689,447
690,447
691,447
692,447
693,447
694,447
695,447
696,447
697,447
698,447
699,447
700,447
701,447
702,447
703,447
704,447
705,447
706,447
707,447
708,447
709,447
710,447
711,447
712,447
713,447
714,447
715,447
716,447
568,439
569,440
570,441
571,442
572,443
573,444
574,445
575,446
576,447
577,448
578,449
579,450
580,451
581,452
582,453
583,454
584,455
585,456
586,457
587,458
588,459
589,460
590,461
591,462
592,463
593,464
594,465
595,466
596,467
597,468
598,469
599,470
600,471
601,472
602,473
603,474
604,475
605,476
606,477
607,478
608,479
609,480
610,481
611,482
612,483
613,484
614,485
615,486
616,487
617,488
618,489
619,490
620,491
621,492
622,493
623,494
624,495
625,496
626,497
627,498
628,499
629,500
630,501
631,502
632,503
633,504
634,505
635,506
636,507
637,508
638,509
639,510
640,511
641,512
642,513
643,514
644,515
645,516
646,517
647,518
648,519
649,520
650,521
651,522
652,523
653,524
654,525
655,526
656,527
657,528
658,529
659,530
660,531
661,532
662,533
663,534
664,535
665,536
666,537
667,538
668,539
669,540
670,541
671,542
672,543
673,544
674,545
675,546
676,547
677,548
678,549
679,550
680,551
681,552
682,553
683,554
684,555
685,556
686,557
687,558
688,559
689,560
690,561
691,562
692,563
693,564
694,565
695,566
696,566
697,566
698,567
699,568
700,568
701,569
702,569
703,570
704,570
705,570
706,571
707,571
708,572
709,572
710,573
711,573
712,574
713,574
714,575
715,575
716,576
717,576
718,577
719,577
720,578
721,578
722,579
723,579
724,580
725,580
726,581
727,581
728,582
729,582
730,582
731,583
732,584
733,584
734,585
735,585
736,586
737,586
738,587
739,587
740,587
741,588
742,588
743,589
744,588
745,589
746,589
717,446
718,445
719,444
720,443
721,442
722,441
723,440
724,439
725,438
726,437
727,436
728,435
729,434
730,433
731,432
732,431
733,430
734,429
735,428
736,427
737,426
738,425
739,424
740,423
741,422
742,421
743,421
744,421
745,421
746,420
747,420
748,420
749,420
750,420
751,420
752,420
753,419
754,419
755,419
756,419
757,419
758,418
759,418
760,418
761,418
762,418
763,418
764,418
765,417
766,417
767,417
768,416
769,416
770,416
771,415
772,415
773,415
774,415
775,415
776,415
777,415
778,414
779,414
780,414
781,414
782,414
783,414
784,414
785,414
786,414
787,414
788,414
789,413
717,448
718,449
719,450
720,451
721,452
722,453
723,454
724,455
725,456
726,457
727,458
728,459
729,460
730,461
731,462
732,463
733,464
734,465
735,466
736,467
737,468
738,469
739,470
740,471
741,472
742,473
743,474
744,475
745,476
746,477
747,478
748,478
750,478
751,478
752,478
753,478
754,478
755,478
756,478
757,478
758,478
759,478
760,478
761,478
762,478
763,478
764,478
765,478
766,478
767,478
768,478
769,478
770,478
771,478
772,478
773,478
774,478
775,478
776,478
777,478
778,478
779,478
780,478
781,478
782,478
783,478
784,478
785,478
786,478
787,478
788,478
789,478
790,478
791,478
792,478
793,478
794,478
795,478
796,478
797,478
798,478
799,478
800,478
801,478
802,478
803,478
804,478
805,478
806,478
807,478
808,478
809,478
810,478
811,478
812,478
813,478
814,478
