38,53
39,53
40,54
41,54
42,55
43,55
44,56
45,57
46,58
47,59
47,60
48,61
49,62
50,63
50,64
50,65
50,66
51,67
52,68
53,69
53,70
54,71
54,72
55,73
55,74
56,75
57,76
58,77
59,78
60,79
61,80
62,81
63,82
64,83
65,84
66,85
66,86
67,87
67,88
68,89
69,90
69,91
70,92
70,93
71,94
71,95
72,96
73,97
74,98
74,99
75,100
76,101
76,102
77,103
78,103
79,104
80,105
81,106
82,106
83,106
84,106
85,106
86,106
87,106
88,106
89,106
90,106
91,105
91,104
91,103
91,102
91,101
91,100
91,99
91,98
92,97
92,96
93,95
93,94
94,93
94,92
94,91
94,90
94,89
94,88
94,87
95,86
95,85
96,84
96,83
96,82
96,81
96,80
97,79
91,106
92,107
92,108
93,109
94,110
94,111
95,112
96,113
97,114
97,115
98,116
99,117
99,118
100,119
101,120
102,121
103,122
103,123
104,124
105,125
106,126
106,127
107,128
108,129
109,130
110,131
111,132
112,133
112,134
113,135
114,136
115,137
116,138
117,139
117,140
118,141
119,142
120,143
121,144
122,145
123,146
124,147
125,148
126,149
127,150
128,151
128,152
129,153
130,154
131,155
132,156
133,156
134,156
135,156
136,156
137,157
138,157
98,79
99,78
100,78
101,77
101,76
102,75
102,74
103,73
103,72
104,71
104,70
105,69
105,68
106,67
106,66
107,65
107,64
108,63
109,62
110,61
110,60
111,59
111,58
112,57
112,56
113,55
113,54
114,53
114,52
115,51
115,50
115,49
115,48
116,47
116,46
117,45
117,44
117,43
118,42
118,41
118,40
118,39
118,38
118,37
118,36
118,35
118,34
118,33
118,32
118,31
118,30
118,29
139,157
140,158
141,159
141,160
142,161
143,162
143,163
144,164
144,165
145,166
146,167
146,168
147,169
147,171
147,172
147,173
147,174
147,175
147,176
147,177
148,178
148,179
149,180
149,181
150,182
150,183
151,184
151,185
152,186
152,187
153,188
153,189
154,190
154,191
154,192
154,193
155,194
155,195
155,196
155,197
156,198
156,199
156,200
156,201
157,202
157,203
157,204
158,205
158,206
158,207
158,208
159,209
148,170
149,170
150,170
151,170
152,170
153,170
154,170
155,170
156,170
157,170
158,170
159,170
160,170
161,170
162,170
163,170
164,170
165,170
166,170
167,170
168,170
169,170
170,170
171,170
172,170
173,170
174,169
175,169
176,169
177,169
178,169
179,168
180,168
181,168
182,167
183,167
184,166
185,166
186,166
187,165
188,164
189,163
190,162
191,161
192,160
193,159
194,158
195,157
196,156
196,155
197,154
197,153
160,210
161,211
162,212
163,213
164,213
165,213
166,214
167,214
168,214
169,215
170,215
171,215
172,215
173,216
174,216
175,216
176,217
177,217
178,217
179,218
180,219
181,220
182,221
183,222
184,223
185,224
186,225
187,226
188,227
189,228
190,229
191,230
192,231
193,232
194,233
195,234
196,235
197,236
198,237
199,238
200,239
201,240
202,241
203,242
204,243
205,244
206,245
207,246
208,246
209,247
210,247
211,248
212,248
213,249
214,249
215,249
216,250
217,250
218,250
219,251
220,251
221,252
222,253
223,254
224,255
225,256
225,257
226,258
227,259
227,260
228,261
229,262
230,263
231,264
232,265
233,266
234,267
235,268
236,269
236,270
237,271
238,272
239,273
240,274
241,275
241,276
242,277
243,278
244,279
245,280
246,281
247,282
248,283
249,283
250,284
251,285
252,285
253,286
254,286
255,287
256,287
257,288
258,288
259,289
260,289
261,290
262,291
263,292
264,292
265,293
266,293
267,294
268,294
269,295
270,296
271,296
272,297
273,297
274,298
275,299
276,300
277,301
278,302
279,303
280,304
281,305
282,306
283,307
284,308
285,309
285,310
285,311
285,312
285,313
285,314
285,315
285,316
285,317
285,318
285,319
285,320
285,321
285,322
285,323
285,324
285,325
285,326
166,315
166,316
166,317
166,318
167,319
167,320
168,321
168,322
169,323
169,324
170,325
171,326
171,327
172,328
173,329
174,330
175,331
176,332
177,333
178,334
179,334
180,335
181,335
182,336
183,337
184,337
185,338
186,338
187,337
188,337
189,337
190,337
191,336
192,336
193,336
194,335
195,335
196,335
197,334
198,334
199,334
200,333
201,333
202,333
203,333
204,333
205,333
206,333
207,332
208,332
209,332
210,332
211,332
212,332
213,332
214,331
215,331
216,331
217,331
218,331
219,331
220,331
221,331
222,331
223,331
224,331
225,331
226,331
227,331
228,331
229,331
230,331
231,330
232,330
233,329
234,329
235,329
236,329
237,329
238,329
239,328
240,328
241,328
242,328
243,327
244,327
245,327
246,327
247,327
248,327
249,327
250,327
251,327
252,327
253,327
254,327
255,327
256,327
257,327
258,327
259,327
260,327
261,327
262,327
263,327
264,327
265,327
266,327
267,327
268,327
269,327
270,327
271,327
272,327
273,327
274,327
275,327
276,327
277,327
278,327
279,327
280,327
281,327
282,327
283,327
284,327
285,327
286,328
287,328
288,329
289,329
290,330
291,330
292,330
293,331
294,331
295,332
296,332
297,332
298,333
299,333
300,334
301,334
302,335
303,335
304,336
305,336
306,337
307,337
308,338
309,338
310,339
311,339
312,340
313,341
314,341
315,342
316,343
317,343
318,344
319,344
320,345
321,346
322,346
323,347
324,347
325,348
326,349
327,349
328,350
329,350
330,350
331,351
331,351
331,352
332,353
332,354
332,355
332,356
333,357
333,358
333,359
333,360
333,361
333,362
333,363
333,364
333,365
333,366
333,367
333,368
333,369
333,370
333,371
334,372
334,373
334,374
334,375
334,376
334,377
334,378
335,379
335,380
335,381
335,382
335,383
335,384
336,385
336,386
336,387
336,388
336,389
336,390
337,391
337,392
338,393
339,394
340,395
341,396
342,397
342,398
343,399
344,400
345,401
346,402
347,403
348,404
349,405
350,406
351,407
352,408
353,409
354,410
354,411
355,412
356,413
357,414
358,415
359,416
360,417
361,418
362,419
363,420
364,421
365,422
366,423
366,424
367,425
368,426
368,427
369,428
369,429
370,430
371,431
372,432
372,433
373,434
373,435
373,436
373,437
373,438
373,439
373,440
374,441
374,442
374,443
374,444
374,445
375,446
376,447
376,448
377,449
378,450
379,451
379,452
380,453
380,454
380,455
331,351
332,350
333,349
334,348
335,347
336,346
337,345
338,344
339,343
340,342
341,341
342,340
343,340
344,339
345,338
346,338
347,337
348,336
349,335
350,335
351,335
352,335
353,335
354,335
355,334
356,333
357,332
358,331
359,330
359,329
360,328
361,327
362,326
362,325
363,324
364,323
364,322
365,321
366,320
367,319
368,318
369,317
370,316
371,315
372,314
373,313
374,312
375,311
376,310
377,309
378,308
379,307
380,306
381,305
382,304
383,304
384,303
