1,422
2,423
3,424
3,425
4,426
5,427
6,427
7,428
8,428
9,429
10,429
11,430
12,430
13,431
14,431
15,432
16,432
17,433
18,434
19,434
20,435
21,435
22,436
23,436
24,437
25,438
26,438
27,438
28,438
29,439
30,439
31,440
32,440
33,440
34,441
35,441
36,442
37,442
38,442
39,442
40,443
41,443
42,443
43,444
44,444
45,445
46,445
47,445
48,446
49,446
50,446
51,447
52,447
53,448
54,448
55,448
56,449
57,449
58,450
59,450
60,450
61,451
62,451
63,451
64,452
65,452
66,452
67,453
68,453
69,454
70,454
71,455
72,455
73,456
74,456
75,457
76,457
77,457
78,457
79,457
80,458
81,458
82,459
83,459
84,459
85,459
86,459
87,460
88,460
89,461
90,461
91,461
92,461
93,461
94,461
95,462
96,462
97,462
98,462
99,462
100,462
101,462
102,462
103,462
104,462
105,462
106,462
107,461
108,461
109,461
110,461
111,461
112,461
113,462
114,462
115,461
116,461
117,462
118,462
119,462
120,462
121,463
122,463
123,463
124,463
125,464
126,464
127,464
128,464
129,463
130,462
131,462
132,461
133,460
134,459
135,458
2,456
2,457
3,458
4,459
5,460
5,461
6,462
7,463
8,464
8,465
9,466
10,467
11,468
11,469
12,470
13,471
14,472
14,473
15,474
16,475
17,476
17,477
18,478
19,479
20,480
20,481
21,482
22,483
22,484
23,485
24,486
25,487
25,488
26,489
27,490
28,491
28,492
29,493
30,494
31,495
31,496
32,497
33,498
34,499
34,500
35,501
36,502
37,503
37,504
38,505
39,506
40,507
40,508
41,509
41,510
41,511
42,512
43,513
43,514
44,515
44,516
45,517
45,518
46,519
47,520
47,521
48,522
48,523
49,524
49,525
50,526
51,527
51,528
52,529
52,530
53,531
53,532
54,533
54,534
55,535
56,536
56,537
57,538
57,539
58,540
58,541
59,542
59,543
60,544
61,545
61,546
62,547
62,548
63,549
63,550
64,551
65,552
65,553
66,554
66,555
67,556
67,557
68,558
68,559
69,560
70,561
70,562
71,563
71,564
72,565
72,566
73,567
73,568
74,569
75,570
75,571
76,572
76,573
77,574
77,575
78,576
79,577
79,578
80,579
80,580
81,581
81,582
82,583
82,584
83,585
84,586
84,587
85,588
85,589
86,590
86,591
87,592
87,593
88,594
89,595
90,596
91,597
92,598
93,599
94,600
95,601
96,602
97,603
98,604
99,605
100,606
101,607
102,608
103,609
104,610
105,611
106,612
107,613
108,614
109,615
110,616
33,252
34,252
35,253
36,254
37,254
38,255
39,256
40,256
41,257
42,257
43,258
44,259
45,259
46,260
47,261
48,261
49,262
50,263
51,263
52,264
53,264
54,264
55,264
56,265
57,265
58,265
59,266
60,266
61,267
62,267
63,267
64,268
65,268
66,269
67,269
68,269
69,269
70,269
71,269
72,268
73,268
74,268
75,268
76,268
77,268
78,268
79,268
80,268
81,268
82,268
83,268
84,268
85,268
86,268
87,268
88,268
89,268
90,268
91,268
92,268
93,268
94,267
95,266
96,265
96,264
96,263
97,262
97,261
98,260
98,259
99,258
99,257
100,256
100,255
101,254
101,253
102,252
103,251
94,269
95,270
95,271
95,272
96,273
96,274
97,275
97,276
98,277
98,278
99,279
99,280
100,281
100,282
101,283
102,284
103,285
104,286
105,287
106,288
107,289
108,290
109,291
110,292
111,293
112,294
113,295
114,296
114,297
115,298
115,299
116,300
116,301
117,302
118,303
118,304
119,305
119,306
119,307
119,308
120,309
120,310
120,311
120,312
120,313
121,314
121,315
121,316
121,317
121,318
122,319
122,320
122,321
104,250
105,250
106,250
107,250
108,250
109,249
110,248
111,247
112,246
113,245
113,244
113,243
113,242
113,241
113,240
113,239
113,238
113,237
113,236
113,235
113,234
113,233
114,232
114,231
115,230
115,229
116,228
116,227
117,226
117,225
118,224
118,223
118,222
119,221
119,220
119,219
110,616
110,617
110,618
111,619
112,620
113,621
114,622
114,623
115,624
116,625
117,626
118,627
119,628
120,629
121,630
122,631
123,632
124,633
125,634
126,635
127,636
128,637
129,638
130,639
131,640
132,641
133,642
134,643
135,644
136,645
137,646
138,647
139,648
140,649
141,650
142,651
143,652
144,653
145,654
146,655
147,656
148,657
149,658
150,659
151,660
152,661
153,662
154,663
155,664
156,665
157,666
158,667
159,668
160,669
161,670
162,671
163,672
164,673
165,674
166,675
167,676
168,677
169,678
170,679
171,680
172,681
173,682
174,683
175,684
176,685
177,686
178,687
179,688
180,689
181,690
182,691
183,692
184,693
185,694
186,695
187,696
188,697
189,698
190,699
191,700
192,701
193,702
194,703
195,704
196,705
197,706
198,707
199,708
200,709
201,710
202,711
203,712
204,713
205,714
206,715
207,716
208,717
209,718
210,719
211,720
212,721
213,722
214,723
215,724
216,725
217,726
218,727
219,728
220,729
221,730
222,731
223,732
224,733
225,734
226,735
227,736
228,737
229,738
230,739
231,740
232,741
233,742
234,743
235,744
236,745
237,746
238,747
110,616
111,615
112,614
113,613
114,612
115,611
116,610
117,609
118,608
119,607
120,606
121,605
122,604
123,603
124,602
125,601
126,600
127,599
128,598
129,597
130,596
131,595
132,594
133,593
134,592
135,591
136,590
137,589
138,588
139,587
140,586
141,585
142,584
143,583
144,582
145,581
146,580
147,579
148,578
149,577
150,576
151,575
152,574
153,573
154,572
155,571
156,570
157,569
158,568
158,567
158,566
158,565
158,564
158,563
158,562
158,561
158,560
158,559
158,558
158,557
158,556
158,555
158,554
158,553
158,552
158,551
158,550
158,549
158,548
158,547
158,546
158,545
158,544
158,543
158,542
158,541
158,540
158,539
158,538
158,537
158,536
158,535
158,534
158,533
158,532
158,531
158,530
158,529
158,528
158,527
158,526
158,525
158,524
158,523
158,522
158,521
158,520
158,519
158,518
158,517
158,516
158,515
158,514
158,513
158,512
158,511
158,510
158,509
158,508
158,507
158,506
158,505
158,504
158,503
158,502
158,501
158,500
158,499
158,498
157,497
157,496
157,495
157,494
156,493
155,492
155,491
154,490
154,489
153,488
152,487
116,388
116,387
115,386
115,385
115,384
115,383
114,382
114,381
113,380
113,379
112,378
112,377
111,376
111,375
110,374
110,373
109,372
109,371
108,370
108,369
107,368
107,367
106,366
106,365
105,364
105,363
106,362
106,361
107,360
107,359
108,358
108,357
109,356
109,355
110,354
110,353
111,352
111,351
112,350
112,349
113,348
113,347
114,346
114,345
115,344
115,343
116,342
116,341
116,340
117,339
117,338
117,337
118,336
118,335
118,334
119,333
119,332
119,331
120,330
120,329
120,328
121,327
121,326
121,325
122,324
122,323
116,390
115,391
115,392
115,393
114,394
114,395
114,396
113,397
112,398
112,399
111,400
111,401
110,402
110,403
109,404
109,405
108,406
108,407
107,408
107,409
106,410
105,411
105,412
104,413
104,414
103,415
103,416
103,417
103,418
103,419
103,420
103,421
103,422
103,423
103,424
103,425
103,426
103,427
104,428
105,429
106,429
107,430
108,430
109,431
110,431
111,432
112,432
113,433
114,433
115,434
116,434
117,435
118,435
119,436
120,436
121,437
122,437
123,438
124,438
125,438
126,438
127,438
128,438
129,438
130,438
131,439
132,439
133,440
117,389
118,389
119,389
120,389
121,389
122,389
123,389
124,390
125,390
126,390
127,391
128,391
129,392
130,392
131,392
132,393
133,393
134,393
135,394
136,394
137,395
138,395
139,395
140,395
141,395
142,394
123,322
124,322
125,322
126,322
127,322
128,322
129,322
130,322
131,322
132,322
133,322
134,322
135,322
136,322
137,322
138,322
139,322
140,322
141,322
142,321
143,321
144,321
145,320
146,320
147,320
148,319
149,319
150,319
151,318
152,317
153,316
154,315
155,314
156,313
157,312
158,311
159,310
160,309
161,308
162,307
163,306
164,305
165,304
166,304
167,303
168,302
169,302
170,301
133,441
133,442
133,443
133,444
133,445
134,446
135,447
135,448
135,449
135,450
135,451
135,452
135,453
135,454
135,455
135,456
135,457
134,440
135,439
136,439
137,438
138,438
139,437
140,436
141,436
142,435
143,435
144,435
145,434
146,434
147,434
148,434
149,434
150,434
151,434
152,434
153,434
154,434
155,434
156,434
157,435
158,435
159,435
160,435
161,436
162,436
163,436
164,437
165,438
166,438
167,439
168,440
169,440
170,441
171,442
172,443
173,444
174,445
175,446
176,447
177,448
178,448
179,448
180,448
181,448
182,448
183,448
184,448
185,448
186,448
187,448
188,448
189,448
190,448
191,448
192,448
193,448
194,448
195,448
196,448
197,448
198,448
199,448
200,448
201,448
202,449
203,450
204,451
133,495
134,494
135,494
136,494
137,494
138,494
139,494
140,494
141,493
142,492
143,491
144,491
145,490
146,489
147,489
148,488
149,487
150,487
151,487
136,458
137,458
138,458
139,458
140,458
141,458
142,457
143,457
144,456
145,456
146,456
147,456
148,456
149,455
150,456
151,456
152,456
153,457
154,457
155,457
156,457
157,457
158,458
159,458
160,458
161,457
162,457
163,456
164,456
165,456
166,455
167,455
168,454
169,454
170,454
171,454
172,454
173,454
174,454
175,454
176,454
177,454
178,454
179,454
180,454
181,454
182,454
183,454
184,454
185,454
186,454
187,454
188,454
189,454
190,454
191,454
192,454
193,455
143,394
144,394
145,394
146,394
147,393
148,393
149,393
150,393
151,392
152,392
153,392
154,391
155,392
156,392
157,391
158,390
159,390
160,389
161,388
162,388
163,387
164,387
165,386
166,386
167,385
168,385
169,385
170,384
171,384
172,384
173,384
174,384
175,383
176,383
177,383
178,383
179,383
180,383
181,383
182,383
183,383
184,383
185,383
152,216
151,217
151,218
150,219
150,220
150,221
150,222
150,223
150,224
150,225
150,226
150,227
150,228
151,229
151,230
152,231
152,232
153,233
154,234
155,235
155,236
156,237
156,238
157,239
158,240
159,241
160,242
161,242
162,243
163,244
164,245
165,246
165,247
166,248
166,249
167,250
167,251
168,252
168,253
168,254
168,255
168,256
168,257
168,258
169,259
169,260
170,261
170,262
171,263
172,264
172,265
173,266
173,267
174,268
175,269
176,270
177,270
178,271
179,272
180,273
181,273
182,273
183,274
170,301
170,300
171,299
172,298
173,297
174,296
175,295
176,294
177,293
177,292
178,291
178,290
179,289
180,288
181,287
181,286
182,285
183,284
184,283
185,282
185,281
185,280
186,279
170,301
171,302
172,303
173,304
174,305
175,306
176,307
176,308
176,309
177,310
177,311
178,312
179,313
180,314
181,315
182,316
183,317
184,318
185,319
186,320
187,321
184,273
184,272
184,271
184,270
185,269
186,268
187,267
188,266
189,265
190,264
191,263
191,262
192,261
193,260
194,260
195,259
196,258
197,257
198,256
199,255
199,254
200,253
201,252
202,251
203,250
203,249
204,248
205,247
205,246
206,245
207,244
207,243
208,242
208,241
209,240
184,274
185,275
185,276
186,277
186,278
186,382
186,381
186,380
186,379
186,378
186,377
186,376
186,375
186,374
186,373
186,372
186,371
186,370
186,369
186,368
186,367
186,366
186,365
186,364
186,363
186,362
186,361
186,360
186,359
187,358
187,357
188,356
188,355
188,354
188,353
189,352
189,351
189,350
189,349
189,348
190,347
190,346
191,345
191,344
192,343
192,342
193,341
192,340
192,339
191,338
191,337
190,336
190,335
189,334
189,333
188,332
188,331
187,330
187,329
187,328
187,327
187,326
187,325
187,324
187,323
187,322
186,383
187,384
188,385
189,386
190,387
191,388
192,389
193,390
194,391
195,392
196,393
197,394
198,395
199,396
200,397
201,398
202,399
203,400
204,401
205,402
206,403
207,404
208,405
209,406
210,407
211,408
212,409
213,409
214,409
215,410
216,410
217,410
218,411
219,411
220,411
221,412
222,412
223,412
224,413
225,414
226,414
227,415
228,416
229,417
230,418
231,419
232,420
233,421
234,422
235,423
236,424
237,425
188,321
189,321
190,321
191,321
192,321
193,321
194,321
195,321
196,321
197,321
198,321
199,321
200,321
201,321
202,321
203,321
204,321
205,321
206,320
193,455
194,454
195,453
196,453
197,453
198,452
199,452
200,452
201,452
202,452
203,452
204,451
204,451
205,451
206,451
207,451
208,451
209,451
210,451
211,451
212,450
213,450
214,450
215,450
216,450
217,450
218,450
219,450
220,450
221,450
222,450
223,450
224,450
225,450
226,450
227,450
228,450
229,450
230,450
231,450
232,450
233,450
234,450
235,449
236,448
237,447
238,446
239,445
240,444
241,443
242,442
243,441
244,440
245,439
246,438
247,437
248,436
206,320
207,321
208,321
209,321
210,321
211,321
212,321
213,321
214,321
215,320
216,319
217,318
218,318
219,317
220,316
221,315
222,315
223,314
224,313
224,312
209,239
209,238
209,237
209,236
209,235
208,234
208,233
207,232
207,231
206,230
206,229
205,228
204,227
203,226
202,225
202,224
202,223
202,222
203,221
204,220
205,219
206,218
207,217
208,216
209,216
210,215
211,214
212,214
213,213
214,213
215,212
216,212
217,212
218,212
219,212
220,212
221,212
222,212
223,212
224,212
225,212
226,212
227,213
228,213
229,213
230,213
231,213
232,213
233,213
234,213
235,213
236,212
237,211
238,210
239,209
240,208
241,207
241,206
242,205
242,204
243,203
243,202
242,201
242,200
243,199
243,198
243,197
244,196
244,195
244,194
245,193
245,192
245,191
245,190
246,189
246,188
246,187
246,186
245,185
245,184
245,183
245,182
245,181
245,180
245,179
210,240
211,240
212,240
213,240
214,240
215,240
216,240
217,239
218,238
219,237
220,237
221,236
222,236
223,235
224,235
225,234
226,233
227,232
228,232
229,232
230,231
231,231
232,231
233,230
234,229
235,229
236,228
237,228
238,227
239,227
240,227
241,227
242,227
243,227
244,227
245,227
246,227
247,227
248,226
249,226
250,225
250,224
251,223
252,222
252,221
253,220
253,219
254,218
255,217
255,216
255,215
256,214
256,213
257,212
257,211
258,210
259,209
260,208
261,207
262,206
263,205
264,204
265,203
266,202
266,201
266,200
267,199
267,198
267,197
268,196
268,195
269,194
270,193
271,193
272,192
273,192
274,192
275,192
276,193
277,193
278,193
279,193
280,192
281,193
282,193
283,192
284,192
285,192
286,191
287,190
288,189
289,188
290,187
290,186
290,185
290,184
290,183
290,182
291,181
291,180
292,179
293,178
294,177
295,176
296,175
297,174
298,173
299,172
300,171
300,170
300,169
301,168
301,167
301,166
301,165
301,164
302,163
303,162
304,161
305,160
306,159
307,158
307,157
308,156
309,155
310,154
311,154
312,153
313,153
314,153
315,153
316,153
317,153
318,153
319,153
320,153
321,152
322,152
323,151
324,150
325,149
326,148
327,147
328,146
329,145
330,144
331,143
332,143
333,143
334,143
335,142
336,142
337,141
338,140
339,139
340,139
341,138
342,138
343,138
344,137
345,136
346,136
221,53
221,54
221,55
221,56
221,57
222,58
223,59
224,60
225,61
225,62
225,63
226,64
227,65
228,66
229,67
230,68
231,69
232,70
233,71
234,72
234,73
235,74
235,75
235,76
235,77
235,78
234,79
234,80
233,81
232,82
232,83
231,84
230,85
230,86
229,87
229,88
228,89
227,90
226,91
225,92
224,93
221,53
222,52
223,51
224,50
225,49
226,48
227,47
228,46
229,45
229,44
230,43
231,42
224,93
225,94
225,95
226,96
227,97
228,98
229,98
230,99
231,100
232,101
233,102
234,103
235,103
236,104
237,104
238,105
239,106
240,107
241,108
242,109
242,110
243,111
244,112
244,113
244,114
245,115
245,116
245,117
246,118
224,311
225,310
226,309
227,308
226,34
227,35
227,36
227,37
228,38
229,39
230,40
231,41
228,308
229,309
230,309
231,309
232,309
233,308
234,308
235,308
236,307
237,307
238,306
239,306
240,306
241,305
242,305
243,304
244,304
245,303
246,302
247,301
248,300
249,300
250,299
251,299
252,299
253,299
254,298
255,298
256,298
257,297
258,296
259,295
260,294
261,293
262,292
263,292
264,291
265,290
266,290
267,289
268,288
269,288
270,287
271,287
272,286
273,285
274,285
275,284
276,284
277,283
278,283
279,282
280,282
281,281
282,280
283,279
284,278
285,277
286,277
287,276
288,275
289,274
290,274
291,273
292,272
293,271
294,272
295,271
296,271
297,270
298,270
299,270
300,269
301,269
302,268
303,268
304,268
305,267
306,267
307,267
308,266
309,266
310,265
311,265
312,264
313,264
314,263
315,262
316,261
317,260
318,260
319,259
320,258
321,257
322,256
238,424
238,423
238,422
238,421
238,420
238,419
238,418
238,417
239,416
239,415
239,414
240,413
240,412
240,411
241,410
241,409
241,408
242,407
242,406
242,405
243,404
243,403
244,402
244,401
245,400
245,399
246,398
246,397
246,396
246,395
246,394
246,393
246,392
246,391
246,390
246,389
246,388
246,387
246,386
246,385
246,384
246,383
246,382
246,381
246,380
246,379
246,378
246,377
246,376
246,375
246,374
246,373
246,372
246,371
246,370
246,369
246,368
246,367
246,366
246,365
246,364
246,363
247,362
247,361
247,360
238,426
239,427
240,428
241,429
242,430
243,431
244,432
245,433
246,434
247,435
248,436
239,747
240,746
241,745
242,744
243,743
244,742
245,741
246,740
247,739
248,738
249,737
250,736
251,735
252,734
253,733
254,732
255,731
256,730
257,729
258,728
259,727
260,726
261,725
262,724
263,723
264,722
265,721
266,720
267,719
268,718
269,717
270,716
271,715
272,714
273,713
274,712
275,711
276,710
277,709
278,708
279,707
280,706
281,705
282,704
283,703
284,702
285,701
286,700
287,699
288,698
289,697
290,696
291,695
292,694
293,693
294,692
295,691
296,690
297,689
298,688
299,687
300,686
301,685
302,684
303,683
304,682
305,681
306,680
307,679
308,678
309,677
310,676
311,675
312,674
313,673
314,672
315,671
316,670
317,669
318,668
319,667
319,666
320,665
320,664
321,663
322,662
322,661
322,660
322,659
322,658
322,657
322,656
322,655
322,654
322,653
322,652
322,651
322,650
322,649
322,648
322,647
322,646
322,645
322,644
322,643
322,642
322,641
322,640
322,639
322,638
322,637
322,636
322,635
322,634
322,633
322,632
322,631
322,630
322,629
322,628
322,627
322,626
322,625
322,624
322,623
322,622
322,621
322,620
322,619
322,618
322,617
322,616
322,615
322,614
322,613
322,612
322,611
322,610
322,609
322,608
322,607
322,606
322,605
322,604
322,603
322,602
322,601
322,600
322,599
322,598
322,597
322,596
322,595
322,594
322,593
322,592
322,591
322,590
322,589
322,588
322,587
322,586
322,585
322,584
322,583
322,582
323,581
323,580
323,579
324,578
324,577
324,576
324,575
324,574
324,573
324,572
324,571
324,570
324,569
324,568
324,567
324,566
324,565
324,564
324,563
324,562
324,561
324,560
324,559
324,558
324,557
324,556
324,555
324,554
324,553
324,552
324,551
324,550
324,549
324,548
324,547
324,546
324,545
324,544
324,543
324,542
324,541
324,540
324,539
324,538
324,537
324,536
324,535
324,534
324,533
324,532
324,531
324,530
324,529
324,528
324,527
324,526
324,525
324,524
324,523
324,522
324,521
324,520
324,519
324,518
324,517
324,516
324,515
324,514
324,513
324,512
324,511
324,510
324,509
324,508
324,507
324,506
324,505
324,504
324,503
324,502
324,501
324,500
324,499
324,498
324,497
324,496
324,495
324,494
324,493
324,492
324,491
324,490
324,489
324,488
324,487
324,486
324,485
324,484
324,483
324,482
324,481
324,480
324,479
324,478
324,477
239,748
239,749
239,750
240,751
240,752
240,753
241,754
241,755
241,756
242,757
242,758
243,759
243,760
244,761
244,762
245,763
245,764
245,765
246,766
246,767
247,768
247,769
248,770
248,771
249,772
249,773
249,774
250,775
245,177
244,176
244,175
243,174
242,173
242,172
242,171
242,170
242,169
242,168
242,167
242,166
242,165
242,164
242,163
242,162
242,161
242,160
242,159
242,158
242,157
242,156
242,155
242,154
242,153
242,152
242,151
242,150
242,149
242,148
241,147
241,146
241,145
241,144
241,143
241,142
241,141
241,140
241,139
241,138
241,137
241,136
241,135
241,134
241,133
241,132
241,131
241,130
241,129
241,128
241,127
242,126
243,125
243,124
243,123
244,122
245,121
245,120
246,119
247,119
248,119
249,119
250,119
251,119
252,119
253,119
254,119
255,118
256,118
257,118
258,118
259,118
260,117
261,117
262,116
263,116
264,115
265,114
266,113
266,112
267,111
267,110
267,109
267,108
267,107
267,106
267,105
267,104
267,103
267,102
268,101
268,100
268,99
269,98
270,97
271,97
272,96
273,96
274,96
275,96
276,96
277,97
248,436
249,436
250,436
251,437
252,437
253,437
254,438
255,438
256,438
257,439
258,439
259,439
260,440
261,440
262,440
263,441
264,441
265,441
266,442
267,442
268,442
269,443
270,443
271,443
272,444
273,444
274,444
275,445
276,445
277,445
278,446
279,446
280,446
281,447
282,447
283,447
284,448
285,448
286,448
287,449
288,449
289,449
290,450
291,450
292,450
293,451
294,451
295,451
296,452
297,452
298,452
299,453
300,453
301,454
302,455
303,456
304,457
305,458
306,459
307,460
308,461
309,462
310,463
311,464
312,465
313,466
314,467
315,468
316,469
317,470
318,471
319,472
320,473
321,474
322,475
323,476
250,776
249,777
249,778
249,779
248,780
248,781
248,782
247,783
247,784
247,785
246,786
246,787
246,788
245,789
245,790
245,791
244,792
244,793
244,794
243,795
243,796
243,797
242,798
242,799
242,800
241,801
241,802
241,803
241,804
241,805
241,806
241,807
241,808
241,809
241,810
241,811
241,812
241,813
241,814
241,815
241,816
241,817
241,818
241,819
241,820
241,821
242,822
243,823
244,824
245,825
246,826
247,827
248,828
249,829
250,830
251,831
252,832
253,833
254,834
255,835
256,836
257,837
258,838
259,839
260,840
261,841
262,842
263,843
264,844
265,845
266,846
267,847
268,848
269,849
270,850
271,851
272,852
273,853
274,854
275,855
276,856
277,857
278,858
279,859
280,860
281,861
282,862
283,863
284,864
285,865
286,866
287,867
288,868
289,869
290,870
291,871
292,872
293,873
294,874
295,875
296,876
297,877
298,878
299,879
300,880
301,881
302,882
303,883
304,884
305,885
306,886
307,887
308,888
309,889
310,890
311,891
312,892
313,893
314,894
315,895
316,896
317,897
318,898
319,899
320,900
321,901
322,902
323,903
324,904
325,905
326,906
327,907
328,908
329,909
330,910
331,911
332,912
333,913
334,914
335,915
336,916
337,917
338,918
339,919
340,920
341,921
342,922
343,923
344,924
345,925
346,926
347,927
348,928
349,929
350,930
351,931
352,932
353,933
354,934
355,935
356,936
357,937
358,938
359,939
360,940
361,941
362,942
363,943
364,944
365,945
366,946
367,947
368,948
369,949
370,950
371,951
372,952
373,953
374,954
375,955
376,956
377,957
378,958
379,959
380,960
381,961
382,962
383,963
384,964
385,965
386,966
387,967
388,968
389,969
390,970
391,971
392,972
393,973
394,974
395,975
396,976
397,977
398,978
399,979
400,980
401,981
402,982
403,983
404,984
405,985
406,986
407,987
408,988
409,989
410,990
411,991
412,992
413,993
414,994
415,995
416,996
417,997
418,998
419,999
420,1000
421,1001
422,1002
423,1003
424,1004
425,1005
426,1006
427,1007
428,1008
429,1009
430,1010
431,1011
432,1012
433,1013
434,1013
435,1014
436,1014
437,1014
438,1015
439,1015
440,1015
441,1016
442,1017
443,1017
444,1018
445,1018
446,1019
447,1020
448,1021
449,1022
450,1023
450,1024
451,1025
452,1026
453,1027
454,1028
455,1029
456,1030
457,1031
458,1032
458,1033
459,1034
460,1035
461,1036
462,1037
463,1038
463,1039
464,1040
465,1041
466,1042
467,1043
468,1044
469,1045
470,1046
471,1047
472,1048
473,1049
474,1050
475,1050
476,1051
477,1052
478,1052
479,1053
480,1054
481,1054
482,1055
483,1055
484,1056
485,1057
486,1057
487,1058
488,1058
489,1059
490,1060
491,1060
492,1061
493,1061
494,1061
495,1062
251,775
252,775
253,775
254,775
255,775
256,774
257,774
258,774
259,774
260,774
261,774
262,774
263,774
264,774
265,773
266,773
267,773
268,773
269,773
270,773
271,773
272,773
273,773
274,772
275,772
276,772
277,772
278,772
279,772
280,772
281,772
282,772
283,772
284,772
285,771
286,771
287,771
288,771
289,771
290,771
291,771
292,771
293,771
294,772
295,772
296,772
297,772
298,773
299,773
300,773
301,773
302,774
303,774
304,774
305,774
306,775
307,775
308,775
309,775
310,776
311,776
312,776
313,776
314,776
315,777
316,777
317,777
318,777
319,778
320,778
321,778
322,778
323,778
324,778
325,778
326,778
327,778
328,778
329,778
330,778
331,778
332,778
333,778
334,778
335,778
336,778
337,778
338,778
339,778
340,778
341,778
342,778
343,778
344,778
345,778
346,778
347,778
348,778
349,778
350,778
351,778
352,778
353,778
354,778
355,778
356,778
357,778
358,778
359,778
360,778
361,778
362,778
363,778
364,778
365,778
366,778
322,255
323,254
323,253
324,252
324,251
325,250
325,249
326,248
327,247
328,246
328,245
329,244
330,243
331,242
332,241
332,240
333,239
334,238
334,237
335,236
335,235
336,234
336,233
336,232
336,231
336,230
336,229
336,228
336,227
337,226
337,225
337,224
337,223
337,222
337,221
337,220
338,219
339,218
340,217
340,216
341,215
341,214
342,213
342,212
342,211
343,210
343,209
343,208
343,207
344,206
344,205
344,204
345,203
346,202
346,201
324,476
325,475
326,474
327,473
327,472
328,471
329,470
329,469
329,468
330,467
330,466
330,465
331,464
331,463
331,462
332,461
332,460
332,459
333,458
333,457
333,456
334,455
334,454
335,453
336,452
337,451
338,450
339,450
340,450
341,449
342,449
343,448
344,448
345,447
346,447
347,446
348,446
349,446
350,445
351,445
352,444
353,444
354,443
355,443
356,442
357,441
357,440
358,439
359,438
360,438
361,437
362,436
363,436
346,201
347,200
348,199
349,198
350,198
351,197
352,196
353,196
354,195
355,194
356,193
357,192
358,191
359,191
360,190
361,189
362,189
363,188
364,187
365,186
366,186
367,185
368,185
369,184
370,183
371,183
372,182
373,182
374,181
375,181
376,181
377,180
378,180
379,180
380,180
381,180
382,179
383,179
384,179
385,179
386,179
387,179
388,179
389,179
390,179
391,179
392,179
393,178
394,178
395,177
396,177
397,176
398,176
399,176
400,175
401,175
402,175
403,174
404,173
405,173
406,172
407,171
408,171
409,170
410,170
411,169
412,169
413,168
414,167
415,166
416,165
417,164
418,163
419,163
420,162
421,161
422,160
423,159
424,158
424,157
425,156
426,155
427,154
427,153
427,152
428,151
428,150
428,149
428,148
428,147
428,146
429,145
429,144
429,143
429,142
430,141
430,140
431,139
432,138
432,137
432,136
433,135
433,134
433,133
434,132
434,131
434,130
435,129
436,128
436,127
437,126
437,125
438,124
438,123
439,122
439,121
440,120
441,119
442,118
443,117
443,116
444,115
445,114
445,113
446,112
446,111
446,110
446,109
447,108
447,107
447,106
447,105
448,104
448,103
449,102
364,435
364,434
364,433
364,432
364,431
364,430
364,429
364,428
364,427
365,426
365,425
365,424
366,423
366,422
366,421
367,420
367,419
367,418
368,417
368,416
368,415
369,414
369,413
369,412
370,411
370,410
370,409
371,408
371,407
371,406
372,405
372,404
372,403
373,402
373,401
373,400
374,399
374,398
374,397
375,396
375,395
375,394
376,393
376,392
376,391
377,390
377,389
377,388
378,387
378,386
378,385
379,384
379,383
379,382
380,381
380,380
380,379
381,378
381,377
381,376
382,375
382,374
382,373
382,372
382,371
382,370
382,369
382,368
382,367
382,366
382,365
382,364
382,363
382,362
382,361
382,360
382,359
382,358
383,357
383,356
383,355
383,354
383,353
384,352
385,351
385,350
386,349
387,348
387,347
388,346
389,345
390,344
390,343
391,342
391,341
392,340
393,339
394,338
394,337
395,336
396,335
397,334
398,334
399,333
400,332
401,331
402,330
403,330
404,329
405,328
406,327
407,326
408,325
409,324
410,323
411,322
412,322
413,321
414,321
415,320
416,320
417,319
418,318
419,317
420,316
421,315
421,314
422,313
423,312
424,311
425,310
426,309
427,308
428,308
429,307
430,307
431,306
432,305
433,305
434,304
435,303
436,302
437,302
438,301
439,300
440,300
441,299
442,299
443,298
444,297
445,296
446,296
447,296
448,295
449,295
450,295
451,294
452,294
453,294
454,293
455,292
456,291
457,291
458,291
459,290
460,290
461,290
365,436
366,436
367,436
368,435
369,435
370,435
371,435
372,435
373,435
374,435
375,434
376,434
377,434
378,434
379,434
380,434
381,434
382,433
383,433
384,433
385,433
386,433
387,433
388,433
389,433
390,433
391,432
392,432
393,432
394,432
395,432
396,432
397,432
398,431
399,431
400,431
401,431
402,431
403,431
404,431
405,431
406,431
407,430
408,430
409,430
410,430
411,430
412,430
413,430
414,429
415,429
416,429
417,429
418,429
419,429
420,429
421,429
422,429
423,428
424,428
425,428
426,428
427,428
428,428
429,428
430,427
431,427
432,427
433,427
434,427
435,427
436,427
437,427
438,427
439,426
440,426
441,426
442,426
443,426
444,426
445,426
446,426
447,426
448,426
449,426
450,425
451,425
452,424
453,424
454,424
455,424
456,424
457,423
458,423
459,423
460,423
461,422
462,422
463,421
464,421
465,421
466,421
467,420
468,420
469,419
470,419
471,419
472,419
473,418
474,418
475,418
476,418
477,417
478,416
479,416
480,415
481,414
482,413
483,412
484,411
485,410
486,409
487,408
488,407
489,406
490,405
491,404
492,403
493,402
494,401
495,400
496,400
497,399
498,398
499,397
500,397
501,396
502,395
503,394
367,777
368,776
369,775
370,774
371,773
372,772
373,771
374,770
375,769
376,768
377,767
378,766
379,765
380,764
381,763
382,762
383,761
384,760
385,759
386,758
387,757
388,756
389,755
390,754
391,753
392,752
393,751
394,750
395,749
396,748
397,747
398,746
399,745
400,744
401,743
402,742
403,741
404,740
405,739
406,738
407,737
408,736
409,735
410,734
411,733
412,732
413,731
414,730
415,729
416,728
417,727
418,726
419,725
420,724
421,723
422,722
423,721
424,720
425,719
426,718
427,717
428,716
429,715
430,714
431,713
432,712
433,711
434,710
435,709
436,708
437,707
438,706
439,705
440,704
441,703
442,702
443,701
444,700
445,699
446,698
447,697
448,696
449,695
450,694
451,693
452,692
453,691
454,690
455,689
456,688
457,687
458,686
459,685
460,684
461,683
462,682
463,681
464,680
465,679
466,678
467,677
468,676
469,675
470,674
471,673
472,672
473,671
474,670
475,669
476,668
477,667
478,666
479,665
480,664
481,663
482,662
483,661
484,660
485,659
486,658
487,657
488,656
489,655
490,654
491,653
492,652
493,651
494,651
495,650
496,649
497,648
498,647
499,646
500,645
501,644
502,643
503,642
504,641
505,640
506,639
507,638
508,637
509,636
510,635
511,634
512,633
513,632
514,631
515,630
516,629
517,628
518,627
519,626
520,625
521,624
522,623
523,622
524,621
525,621
526,620
527,620
528,620
529,619
530,618
531,617
531,616
532,615
532,614
532,613
533,612
533,611
533,610
534,609
534,608
534,607
535,606
535,605
535,604
536,603
536,602
536,601
537,600
537,599
537,598
538,597
538,596
539,595
539,594
540,593
540,592
541,591
541,590
542,589
542,588
542,587
543,586
544,585
544,584
544,583
545,582
545,581
545,580
546,579
547,578
547,577
547,576
548,575
548,574
548,573
549,572
549,571
549,570
550,569
550,568
550,567
551,566
551,565
551,564
552,563
552,562
552,561
553,560
553,559
553,558
553,557
553,556
553,555
553,554
554,553
554,552
554,551
554,550
555,549
555,548
555,547
555,546
556,545
556,544
557,543
557,542
558,541
558,540
558,539
559,538
559,537
560,536
560,535
561,534
561,533
562,532
562,531
562,530
563,529
563,528
564,527
564,526
565,525
565,524
565,523
566,522
567,521
567,520
567,519
567,518
567,517
567,516
567,515
567,514
567,513
567,512
567,511
567,510
568,509
568,508
568,507
569,506
569,505
569,504
569,503
569,502
569,501
569,500
569,499
569,498
569,497
570,496
570,495
570,494
571,493
571,492
571,491
572,490
572,489
572,488
573,487
574,486
575,485
367,778
368,779
369,780
370,781
371,782
372,783
373,784
374,785
375,786
376,787
377,788
378,789
379,790
380,791
381,792
382,793
383,794
384,795
385,796
386,797
387,798
388,799
389,800
390,801
391,802
392,803
393,804
394,805
395,806
396,807
397,808
398,809
399,810
400,811
401,812
402,813
403,814
404,815
405,816
406,817
407,818
408,819
409,820
410,821
411,822
412,823
413,824
414,825
415,826
416,827
417,828
418,829
419,830
420,831
421,832
422,833
423,834
424,835
425,836
426,837
427,838
428,839
429,840
430,841
431,842
432,842
433,843
434,843
435,844
436,845
437,845
438,845
439,846
440,846
441,846
442,847
443,847
444,847
445,848
446,848
447,848
448,849
449,849
450,849
451,850
452,850
453,850
454,851
455,851
456,851
457,852
458,852
459,852
460,853
461,853
462,853
463,854
464,854
465,854
466,855
467,856
468,857
469,858
470,859
471,860
472,861
473,862
474,863
475,864
476,865
477,866
478,867
479,868
480,869
481,870
482,871
483,872
484,873
485,874
486,875
487,876
488,877
489,878
490,879
491,880
492,881
493,882
494,883
495,884
496,885
497,886
498,887
499,888
500,889
501,890
502,891
503,892
504,893
505,894
506,895
507,896
508,897
509,898
510,899
511,900
512,901
513,902
514,903
515,904
516,905
517,906
518,907
519,908
520,909
521,910
522,911
523,912
524,913
525,914
526,915
527,916
528,917
528,918
528,919
529,920
529,921
529,922
529,923
529,924
529,925
529,926
529,927
529,928
530,929
530,930
530,931
530,932
530,933
531,934
531,935
531,936
531,937
531,938
531,939
531,940
532,941
532,942
532,943
532,944
532,945
532,946
532,947
533,948
533,949
533,950
533,951
533,952
533,953
533,954
534,955
534,956
449,100
449,99
448,98
448,97
448,96
448,95
448,94
448,93
448,92
448,91
448,90
448,89
448,88
448,87
448,86
448,85
447,84
447,83
446,82
446,81
446,80
446,79
445,78
445,77
445,76
445,75
444,74
444,73
444,72
444,71
444,70
444,69
444,68
443,67
443,66
443,65
443,64
443,63
443,62
443,61
443,60
443,59
443,58
443,57
443,56
444,55
444,54
445,53
445,52
446,51
447,50
448,50
449,49
450,49
451,48
452,47
453,46
454,45
455,45
456,44
457,43
458,43
459,42
460,42
461,42
462,41
463,40
464,40
465,39
466,39
467,39
468,38
469,38
470,37
471,36
472,35
472,34
473,33
473,32
473,31
474,30
474,29
474,28
475,27
475,26
476,25
476,24
476,23
476,22
476,21
477,20
477,19
478,18
478,17
479,16
479,15
480,14
480,13
480,12
481,11
482,10
483,10
484,10
485,9
486,9
487,9
488,8
489,8
490,8
462,290
463,291
464,291
465,291
466,291
467,291
468,291
469,291
470,291
471,291
472,291
473,291
474,291
475,291
476,291
477,291
478,291
479,291
480,291
481,291
482,291
483,291
484,291
485,291
486,291
487,291
488,292
489,293
490,294
491,294
492,295
493,295
494,296
495,296
496,297
497,298
498,298
499,299
500,300
501,300
502,301
503,302
504,303
505,304
506,304
507,305
508,306
509,306
510,307
511,307
512,308
513,308
514,309
515,309
516,308
517,308
518,307
519,307
520,307
521,306
522,306
523,306
524,306
525,306
526,306
527,306
528,306
529,306
530,306
531,306
532,306
533,306
534,306
535,306
536,306
537,306
538,306
539,306
540,306
487,236
488,236
489,237
490,238
491,238
492,239
493,240
494,240
495,241
496,242
497,242
498,242
499,242
500,242
501,242
502,242
503,242
504,242
505,242
506,242
507,242
508,242
509,242
510,242
511,242
512,242
513,242
514,242
515,242
516,242
517,242
518,242
519,242
520,243
521,243
522,244
522,245
523,246
524,247
524,248
525,249
525,250
526,251
526,252
527,253
527,254
527,255
528,256
528,257
529,258
529,259
529,260
529,261
529,262
530,263
530,264
531,265
531,266
532,267
533,268
533,269
534,270
535,271
535,272
536,273
537,274
538,275
538,276
539,277
540,278
540,279
541,280
542,281
542,282
543,283
544,284
545,285
545,286
546,287
547,288
547,289
548,290
503,393
503,392
504,391
504,390
505,389
505,388
506,387
507,386
508,385
504,394
505,394
506,395
507,395
508,395
509,396
510,396
511,396
512,397
513,397
514,397
515,398
516,398
517,398
518,398
519,398
520,398
521,398
522,398
523,398
524,398
525,398
526,399
527,399
528,399
529,400
530,401
530,402
531,403
531,404
532,405
533,406
534,406
535,407
536,408
537,409
538,409
539,410
540,411
541,411
542,412
543,413
544,413
545,414
546,415
547,416
548,416
549,417
550,418
551,418
552,419
553,420
554,421
555,421
556,422
557,423
558,423
559,424
560,425
508,384
508,383
508,382
508,381
509,380
509,379
510,378
511,377
512,376
513,375
513,373
513,372
514,371
514,370
514,369
515,368
516,367
516,366
517,365
518,364
518,363
518,362
518,361
519,360
520,359
521,358
521,357
522,356
523,355
524,354
524,353
525,352
526,351
527,350
527,349
527,348
527,347
527,346
528,345
528,344
528,343
528,342
529,341
530,340
530,339
531,338
531,337
532,336
532,335
533,334
534,333
534,332
535,331
536,330
536,329
537,328
538,327
539,326
540,325
540,324
541,323
542,322
541,306
542,305
543,304
544,303
545,302
545,301
546,300
547,299
547,298
548,297
548,296
548,295
548,294
548,293
548,292
548,291
541,307
541,308
541,309
541,310
541,311
541,312
541,313
541,314
541,315
542,316
542,317
542,318
542,319
542,320
549,290
550,290
551,290
552,290
553,290
554,290
555,290
556,290
557,290
558,290
559,290
560,290
561,290
562,289
563,289
564,288
565,288
566,287
567,286
568,286
569,285
570,284
571,283
572,283
573,282
574,281
575,280
576,279
577,278
578,278
579,277
580,277
581,276
582,276
583,275
584,275
585,274
586,274
587,273
588,272
589,271
590,270
591,269
592,268
593,267
594,266
595,265
595,264
596,263
597,262
598,261
599,260
600,259
601,258
602,257
603,256
604,255
605,254
606,253
607,252
608,251
609,250
610,249
610,248
611,247
612,246
613,245
614,244
615,243
616,242
617,241
617,240
618,239
619,238
619,238
620,237
621,236
622,235
623,234
623,233
624,232
625,231
626,230
627,229
628,228
629,227
630,226
631,225
632,224
633,223
634,222
635,221
636,220
637,219
637,218
638,217
639,216
640,215
641,214
642,213
643,212
644,211
645,210
646,209
647,208
647,207
648,206
648,205
649,204
649,203
649,202
649,201
650,200
650,199
651,198
652,197
652,196
653,195
653,194
654,193
654,192
655,191
655,190
656,189
656,188
657,187
657,186
657,185
658,184
658,183
659,182
659,181
660,180
660,179
660,178
660,177
661,176
661,175
661,174
661,173
662,172
662,171
