1,422
2,423
3,424
3,425
4,426
5,427
6,427
7,428
8,428
9,429
10,429
11,430
12,430
13,431
14,431
15,432
16,432
17,433
18,434
19,434
20,435
21,435
22,436
23,436
24,437
25,438
26,438
27,438
28,438
29,439
30,439
31,440
32,440
33,440
34,441
35,441
36,442
37,442
38,442
39,442
40,443
41,443
42,443
43,444
44,444
45,445
46,445
47,445
48,446
49,446
50,446
51,447
52,447
53,448
54,448
55,448
56,449
57,449
58,450
59,450
60,450
61,451
62,451
63,451
64,452
65,452
66,452
67,453
68,453
69,454
70,454
71,455
72,455
73,456
74,456
75,457
76,457
77,457
78,457
79,457
80,458
81,458
82,459
83,459
84,459
85,459
86,459
87,460
88,460
89,461
90,461
91,461
92,461
93,461
94,461
95,462
96,462
97,462
98,462
99,462
100,462
101,462
102,462
103,462
104,462
105,462
106,462
107,461
108,461
109,461
110,461
111,461
112,461
113,462
114,462
115,461
116,461
117,462
118,462
119,462
120,462
121,463
122,463
123,463
124,463
125,464
126,464
127,464
128,464
129,463
130,462
131,462
132,461
133,460
134,459
135,458
2,456
2,457
3,458
4,459
5,460
5,461
6,462
7,463
8,464
8,465
9,466
10,467
11,468
11,469
12,470
13,471
14,472
14,473
15,474
16,475
17,476
17,477
18,478
19,479
20,480
20,481
21,482
22,483
22,484
23,485
24,486
25,487
25,488
26,489
27,490
28,491
28,492
29,493
30,494
31,495
31,496
32,497
33,498
34,499
34,500
35,501
36,502
37,503
37,504
38,505
39,506
40,507
40,508
41,509
42,510
42,511
43,512
44,513
45,514
45,515
46,516
47,517
48,518
48,519
49,520
50,521
50,522
51,523
52,524
53,525
53,526
54,527
55,528
55,529
56,530
57,531
58,532
58,533
59,534
60,535
61,536
61,537
62,538
63,539
63,540
64,541
65,542
66,543
66,544
67,545
68,546
68,547
69,548
70,549
71,550
71,551
72,552
73,553
73,554
74,555
75,556
76,557
76,558
77,559
78,560
78,561
79,562
80,563
81,564
81,565
82,566
83,567
83,568
84,569
85,570
86,571
86,572
87,573
88,574
89,575
89,576
90,577
91,578
91,579
92,580
93,581
94,582
94,583
95,584
96,585
96,586
97,587
98,588
99,589
99,590
100,591
101,592
101,593
102,594
103,595
104,596
104,597
105,598
106,599
106,600
107,601
108,602
109,603
109,604
110,605
111,606
111,607
112,608
113,609
114,610
114,611
115,612
116,613
117,614
117,615
118,616
119,617
119,618
120,619
121,620
122,621
122,622
123,623
124,624
124,625
125,626
126,627
127,628
127,629
128,630
129,631
129,632
130,633
131,634
132,635
132,636
133,637
134,638
134,639
135,640
136,641
137,642
138,643
139,644
140,645
141,646
142,647
143,648
144,649
145,650
146,651
147,652
148,652
149,652
150,652
151,652
152,652
153,652
154,652
155,652
156,652
157,652
33,252
34,252
35,253
36,254
37,254
38,255
39,256
40,256
41,257
42,257
43,258
44,259
45,259
46,260
47,261
48,261
49,262
50,263
51,263
52,264
53,264
54,264
55,264
56,265
57,265
58,265
59,266
60,266
61,267
62,267
63,267
64,268
65,268
66,269
67,269
68,269
69,269
70,269
71,269
72,268
73,268
74,268
75,268
76,268
77,268
78,268
79,268
80,268
81,268
82,268
83,268
84,268
85,268
86,268
87,268
88,268
89,268
90,268
91,268
92,268
93,268
93,268
94,267
95,266
95,265
96,264
96,263
97,262
97,261
98,260
98,259
99,258
99,257
100,256
100,255
101,254
101,253
102,252
103,251
93,268
94,269
94,270
95,271
95,272
96,273
96,274
97,275
97,276
98,277
98,278
99,279
99,280
100,281
100,282
101,283
102,284
103,285
104,286
105,287
106,288
107,289
108,290
109,291
110,292
111,293
112,294
113,295
114,296
114,297
115,298
115,299
116,300
116,301
117,302
118,303
118,304
119,305
119,306
120,307
120,308
120,309
121,310
121,311
121,312
122,313
122,314
122,315
123,316
123,317
123,318
124,319
124,320
125,321
104,250
105,250
106,250
107,250
108,250
109,249
110,248
111,247
112,246
113,245
113,244
113,243
113,242
113,241
113,240
113,239
113,238
113,237
113,236
113,235
113,234
113,233
114,232
114,231
115,230
115,229
116,228
116,227
117,226
117,225
118,224
118,223
118,222
119,221
119,220
119,219
117,388
116,387
116,386
116,385
115,384
115,383
114,382
114,381
113,380
113,379
112,378
112,377
111,376
111,375
110,374
110,373
109,372
109,371
108,370
108,369
107,368
107,367
106,366
106,365
105,364
105,363
106,362
106,361
107,360
107,359
108,358
108,357
109,356
109,355
110,354
110,353
111,352
111,351
112,350
112,349
113,348
113,347
114,346
114,345
115,344
115,343
116,342
116,341
117,340
117,339
118,338
118,337
119,336
119,335
120,334
120,333
121,332
121,331
122,330
122,329
123,328
123,327
123,326
124,325
124,324
125,323
117,390
116,391
116,392
115,393
115,394
114,395
114,396
113,397
112,398
112,399
111,400
111,401
110,402
110,403
109,404
109,405
108,406
108,407
107,408
107,409
106,410
105,411
105,412
104,413
104,414
103,415
103,416
103,417
103,418
103,419
103,420
103,421
103,422
103,423
103,424
103,425
103,426
103,427
104,428
105,429
106,429
107,430
108,430
109,431
110,431
111,432
112,432
113,433
114,433
115,434
116,434
117,435
118,435
119,436
120,436
121,437
122,437
123,438
124,438
125,438
126,438
127,438
128,438
129,438
130,438
131,439
132,439
133,440
118,389
119,389
120,389
121,389
122,389
123,389
124,390
125,390
126,390
127,391
128,391
129,392
130,392
131,392
132,393
133,393
134,393
135,394
136,394
137,395
138,395
139,395
140,395
141,395
142,394
126,322
127,322
128,322
129,322
130,322
131,322
132,322
133,322
134,322
135,322
136,322
137,322
138,322
139,322
140,322
141,322
142,321
143,321
144,321
145,320
146,320
147,320
148,319
149,319
150,319
151,318
152,317
153,316
154,315
155,314
156,313
157,312
158,311
159,310
160,309
161,308
162,307
163,306
164,305
165,304
166,304
167,303
168,302
169,302
170,301
133,441
133,442
133,443
133,444
133,445
134,446
135,447
135,448
135,449
135,450
135,451
135,452
135,453
135,454
135,455
135,456
135,457
134,440
135,439
136,439
137,438
138,438
139,437
140,436
141,436
142,435
143,435
144,435
145,434
146,434
147,434
148,434
149,434
150,434
151,434
152,434
153,434
154,434
155,434
156,434
157,435
158,435
159,435
160,435
161,436
162,436
163,436
164,437
165,438
166,438
167,439
168,440
169,440
170,441
171,442
172,443
173,444
174,445
175,446
176,447
177,448
178,448
179,448
180,448
181,448
182,448
183,448
184,448
185,448
186,448
187,448
188,448
189,448
190,448
191,448
192,448
193,448
194,448
195,448
196,448
197,448
198,448
199,448
200,448
201,448
202,448
203,448
204,448
205,448
206,448
207,448
208,448
209,448
210,449
133,495
134,494
135,494
136,494
137,494
138,494
139,494
140,494
141,493
142,492
143,491
144,491
145,490
146,489
147,489
148,488
149,487
150,487
151,487
136,458
137,458
138,458
139,458
140,458
141,458
142,457
143,457
144,456
145,456
146,456
147,456
148,456
149,455
150,456
151,456
152,456
153,457
154,457
155,457
156,457
157,457
158,458
159,458
160,458
161,457
162,457
163,456
164,456
165,456
166,455
167,455
168,454
169,454
170,454
171,454
172,454
173,454
174,454
175,454
176,454
177,454
178,454
179,454
180,454
181,454
182,454
183,454
184,454
185,454
186,454
187,454
188,454
189,454
190,454
191,454
192,454
193,455
143,394
144,394
145,394
146,394
147,393
148,393
149,393
150,393
151,392
152,392
153,392
154,391
155,392
156,392
157,391
158,390
159,390
160,389
161,388
162,388
163,387
164,387
165,386
166,386
167,385
168,385
169,385
170,384
171,384
172,384
173,384
174,384
175,383
176,383
177,383
178,383
179,383
180,383
181,383
182,383
183,383
184,383
185,383
152,487
153,488
154,489
154,490
155,491
155,492
156,493
157,494
157,495
157,496
157,497
158,498
158,499
158,500
158,501
158,502
158,503
158,504
158,505
158,506
158,507
158,508
158,509
158,510
158,511
158,512
158,513
158,514
158,515
158,516
158,517
158,518
158,519
158,520
158,521
158,522
158,523
158,524
158,525
158,526
158,527
158,528
158,529
158,530
158,531
158,532
158,533
158,534
158,535
158,536
158,537
158,538
158,539
158,540
158,541
158,542
158,543
158,544
158,545
158,546
158,547
158,548
158,549
158,550
158,551
158,552
158,553
158,554
158,555
158,556
158,557
158,558
158,559
158,560
158,561
158,562
158,563
158,564
158,565
158,566
158,567
158,568
158,569
158,570
158,571
158,572
158,573
158,574
158,575
158,576
158,577
158,578
158,579
158,580
158,581
158,582
158,583
158,584
158,585
158,586
158,587
158,588
158,589
158,590
158,591
158,592
158,593
158,594
158,595
158,596
158,597
158,598
158,599
158,600
158,601
158,602
158,603
158,604
158,605
158,606
158,607
158,608
158,609
158,610
158,611
158,612
158,613
158,614
158,615
158,616
158,617
158,618
158,619
158,620
158,621
158,622
158,623
158,624
158,625
158,626
158,627
158,628
158,629
158,630
158,631
158,632
158,633
158,634
158,635
158,636
158,637
158,638
158,639
158,640
158,641
158,642
158,643
158,644
158,645
158,646
158,647
158,648
158,649
158,650
158,651
152,216
151,217
151,218
150,219
150,220
150,221
150,222
150,223
150,224
150,225
150,226
150,227
150,228
151,229
151,230
152,231
152,232
153,233
154,234
155,235
155,236
156,237
156,238
157,239
158,240
159,241
160,242
161,242
162,243
163,244
164,245
165,246
165,247
166,248
166,249
167,250
167,251
168,252
168,253
168,254
168,255
168,256
168,257
168,258
169,259
169,260
170,261
170,262
171,263
172,264
172,265
173,266
173,267
174,268
175,269
176,270
177,270
178,271
179,272
180,273
181,273
182,273
183,274
158,652
159,653
160,654
160,655
161,656
161,657
162,658
162,659
163,660
163,661
164,662
164,663
165,664
165,665
166,666
166,667
167,668
167,669
168,670
168,671
169,672
169,673
170,674
171,675
172,676
172,677
173,678
174,679
175,680
176,681
176,682
177,683
178,684
179,685
180,686
180,687
181,688
182,689
183,690
184,691
185,692
186,693
187,694
187,695
188,696
189,697
190,698
191,699
192,700
193,701
194,702
195,703
196,704
197,705
198,706
199,707
200,708
201,709
202,710
203,711
204,712
205,713
206,714
207,715
208,716
209,716
210,716
211,716
212,716
213,716
214,716
215,716
216,716
217,716
218,716
219,716
220,716
221,716
222,716
223,716
224,716
225,716
226,716
227,716
228,716
229,716
230,716
231,716
232,716
233,716
234,716
235,716
236,716
237,716
238,716
239,716
240,716
241,716
242,716
243,716
244,716
245,716
246,716
247,716
248,716
249,716
250,716
251,716
252,716
253,716
254,716
255,716
256,716
257,716
258,716
259,716
260,716
261,716
262,716
263,716
264,716
265,716
266,716
267,716
268,716
269,716
270,716
271,716
272,716
273,716
274,716
275,716
276,716
277,716
278,716
279,716
280,716
281,716
282,716
283,716
284,716
285,716
286,716
287,716
288,716
289,716
290,716
291,716
292,716
293,716
294,716
295,716
170,301
170,300
171,299
172,298
173,297
174,296
175,295
176,294
177,293
177,292
178,291
178,290
179,289
180,288
181,287
181,286
182,285
183,284
184,283
185,282
185,281
185,280
186,279
170,301
171,302
172,303
173,304
174,305
175,306
176,307
176,308
176,309
177,310
177,311
178,312
179,313
180,314
181,315
182,316
183,317
184,318
185,319
186,320
187,321
184,273
184,272
184,271
184,270
185,269
186,268
187,267
188,266
189,265
190,264
191,263
191,262
192,261
193,260
194,260
195,259
196,258
197,257
198,256
199,255
199,254
200,253
201,252
202,251
203,250
203,249
204,248
205,247
205,246
206,245
207,244
207,243
208,242
208,241
209,240
184,274
185,275
185,276
186,277
186,278
186,382
186,381
186,380
186,379
186,378
186,377
186,376
186,375
186,374
186,373
186,372
186,371
186,370
186,369
186,368
186,367
186,366
186,365
186,364
186,363
186,362
186,361
186,360
186,359
187,358
187,357
188,356
188,355
188,354
188,353
189,352
189,351
189,350
189,349
189,348
190,347
190,346
191,345
191,344
192,343
192,342
193,341
192,340
192,339
191,338
191,337
190,336
190,335
189,334
189,333
188,332
188,331
187,330
187,329
187,328
187,327
187,326
187,325
187,324
187,323
187,322
186,383
187,384
188,385
189,386
190,387
191,388
192,389
193,390
194,391
195,392
196,393
197,394
198,395
199,396
200,397
201,398
202,399
203,400
204,401
205,402
206,403
207,404
208,405
209,406
210,407
211,408
212,409
213,410
214,411
215,412
216,413
217,413
218,414
219,414
220,415
221,415
222,416
223,416
224,416
225,416
226,417
227,417
228,417
229,418
230,418
231,418
232,419
233,419
234,419
235,420
236,420
237,420
238,421
239,422
240,423
241,423
242,423
243,424
244,425
245,426
188,321
189,321
190,321
191,321
192,321
193,321
194,321
195,321
196,321
197,321
198,321
199,321
200,321
201,321
202,321
203,321
204,321
205,321
206,320
193,455
194,454
195,453
196,453
197,453
198,452
199,452
200,452
201,452
202,452
203,451
204,451
205,451
206,451
207,451
208,451
209,450
210,449
206,320
207,321
208,321
209,321
210,321
211,321
212,321
213,321
214,321
215,320
216,319
217,318
218,318
219,317
220,316
221,315
222,315
223,314
224,313
224,312
209,239
209,238
209,237
209,236
209,235
208,234
208,233
207,232
207,231
206,230
206,229
205,228
204,227
203,226
202,225
202,224
202,223
202,222
203,221
204,220
205,219
206,218
207,217
208,216
209,216
210,215
211,214
212,214
213,213
214,213
215,212
216,212
217,212
218,212
219,212
220,212
221,212
222,212
223,212
224,212
225,212
226,212
227,213
228,213
229,213
230,213
231,213
232,213
233,213
234,213
235,213
236,212
237,211
238,210
239,209
240,208
241,207
241,206
242,205
242,204
243,203
243,202
242,201
242,200
243,199
243,198
243,197
244,196
244,195
244,194
245,193
245,192
245,191
245,190
246,189
246,188
246,187
246,186
245,185
245,184
245,183
245,182
245,181
245,180
245,179
210,240
211,240
212,240
213,240
214,240
215,240
216,240
217,239
218,238
219,237
220,237
221,236
222,236
223,235
224,235
225,234
226,233
227,232
228,232
229,232
230,231
231,231
232,231
233,230
234,229
235,229
236,228
237,228
238,227
239,227
240,227
241,227
242,227
243,227
244,227
245,227
246,227
247,227
248,226
249,226
250,225
250,224
251,223
252,222
252,221
253,220
253,219
254,218
255,217
255,216
255,215
256,214
256,213
257,212
257,211
258,210
259,209
260,208
261,207
262,206
263,205
264,204
265,203
266,202
266,201
266,200
267,199
267,198
267,197
268,196
268,195
269,194
270,193
271,193
272,192
273,192
274,192
275,192
276,193
277,193
278,193
279,193
280,192
281,193
282,193
283,192
284,192
285,192
286,191
287,190
288,189
289,188
290,187
290,186
290,185
290,184
290,183
290,182
291,181
291,180
292,179
293,178
294,177
295,176
296,175
297,174
298,173
299,172
300,171
300,170
300,169
301,168
301,167
301,166
301,165
301,164
302,163
303,162
304,161
305,160
306,159
307,158
307,157
308,156
309,155
310,154
311,154
312,153
313,153
314,153
315,153
316,153
317,153
318,153
319,153
320,153
321,152
322,152
323,151
324,150
325,149
326,148
327,147
328,146
329,145
330,144
331,143
332,143
333,143
334,143
335,142
336,142
337,141
338,140
339,139
340,139
341,138
342,138
343,138
344,137
345,136
346,136
210,449
211,449
212,449
213,449
214,449
215,449
216,449
217,449
218,449
219,449
220,449
221,449
222,449
223,449
224,449
225,449
226,449
227,449
228,449
229,449
230,449
231,449
232,449
233,449
234,449
235,449
236,449
237,449
238,449
239,449
240,449
241,449
242,449
243,449
244,449
245,449
246,449
247,449
221,53
221,54
221,55
221,56
221,57
222,58
223,59
224,60
225,61
225,62
225,63
226,64
227,65
228,66
229,67
230,68
231,69
232,70
233,71
234,72
234,73
235,74
235,75
235,76
235,77
235,78
234,79
234,80
233,81
232,82
232,83
231,84
230,85
230,86
229,87
229,88
228,89
227,90
226,91
225,92
224,93
221,53
222,52
223,51
224,50
225,49
226,48
227,47
228,46
229,45
229,44
230,43
231,42
224,93
225,94
225,95
226,96
227,97
228,98
229,98
230,99
231,100
232,101
233,102
234,103
235,103
236,104
237,104
238,105
239,106
240,107
241,108
242,109
242,110
243,111
244,112
244,113
244,114
245,115
245,116
245,117
246,118
224,311
225,310
226,309
227,308
226,34
227,35
227,36
227,37
228,38
229,39
230,40
231,41
228,308
229,309
230,309
231,309
232,309
233,308
234,308
235,308
236,307
237,307
238,306
239,306
240,306
241,305
242,305
243,304
244,304
245,303
246,302
247,301
248,300
249,300
250,299
251,299
252,299
253,299
254,298
255,298
256,298
257,297
258,296
259,295
260,294
261,293
262,292
263,292
264,291
265,290
266,290
267,289
268,288
269,288
270,287
271,287
272,286
273,285
274,285
275,284
276,284
277,283
278,283
279,282
280,282
281,281
282,280
283,279
284,278
285,277
286,277
287,276
288,275
289,274
290,274
291,273
292,272
293,271
294,272
295,271
296,271
297,270
298,270
299,270
300,269
301,269
302,268
303,268
304,268
305,267
306,267
307,267
308,266
309,266
310,265
311,265
312,264
313,264
314,263
315,262
316,261
317,260
318,260
319,259
320,258
321,257
322,256
245,177
244,176
244,175
243,174
242,173
242,172
242,171
242,170
242,169
242,168
242,167
242,166
242,165
242,164
242,163
242,162
242,161
242,160
242,159
242,158
242,157
242,156
242,155
242,154
242,153
242,152
242,151
242,150
242,149
242,148
241,147
241,146
241,145
241,144
241,143
241,142
241,141
241,140
241,139
241,138
241,137
241,136
241,135
241,134
241,133
241,132
241,131
241,130
241,129
241,128
241,127
242,126
243,125
243,124
243,123
244,122
245,121
245,120
246,119
246,425
246,424
246,423
246,422
246,421
246,420
246,419
246,418
246,417
246,416
246,415
246,414
246,413
246,412
246,411
246,410
246,409
246,408
246,407
246,406
246,405
246,404
246,403
246,402
246,401
246,400
246,399
246,398
246,397
246,396
246,395
246,394
246,393
246,392
246,391
246,390
246,389
246,388
246,387
246,386
246,385
246,384
246,383
246,382
246,381
246,380
246,379
246,378
246,377
246,376
246,375
246,374
246,373
246,372
246,371
246,370
246,369
246,368
246,367
246,366
246,365
246,364
246,363
247,362
247,361
247,360
246,427
247,428
247,429
248,430
248,431
248,432
248,433
248,434
248,435
248,436
248,437
248,438
248,439
248,440
248,441
248,442
248,443
248,444
248,445
248,446
248,447
248,448
247,119
248,119
249,119
250,119
251,119
252,119
253,119
254,119
255,118
256,118
257,118
258,118
259,118
260,117
261,117
262,116
263,116
264,115
265,114
266,113
266,112
267,111
267,110
267,109
267,108
267,107
267,106
267,105
267,104
267,103
267,102
268,101
268,100
268,99
269,98
270,97
271,97
272,96
273,96
274,96
275,96
276,96
277,97
248,449
249,450
250,451
251,452
252,453
253,454
254,454
255,455
256,455
257,455
258,456
259,456
260,457
261,457
262,457
263,457
264,457
265,457
266,457
267,457
268,457
269,457
270,457
271,457
272,457
273,458
274,458
275,458
276,459
277,459
278,460
279,460
280,460
281,461
282,461
283,462
284,462
285,462
286,463
287,463
288,464
289,464
290,465
291,466
292,466
293,467
294,467
295,468
296,468
297,469
298,469
299,470
300,471
301,472
302,472
303,473
304,473
305,473
306,473
307,473
308,473
309,474
310,474
311,475
312,475
313,475
314,476
315,476
316,477
317,477
318,477
319,477
320,477
321,477
296,716
297,715
297,714
298,713
298,712
299,711
299,710
300,709
300,708
301,707
302,706
302,705
303,704
303,703
304,702
305,701
305,700
306,699
306,698
307,697
308,696
308,695
309,694
310,693
310,692
311,691
312,690
312,689
313,688
314,687
315,686
315,685
316,684
316,683
317,682
318,681
318,680
319,679
319,678
320,677
320,676
320,675
320,674
320,673
321,672
322,671
296,717
296,718
296,719
296,720
296,721
297,722
297,723
297,724
297,725
297,726
297,727
298,728
298,729
299,730
299,731
300,732
300,733
301,734
301,735
302,736
302,737
303,738
303,739
304,740
304,741
305,742
305,743
306,744
306,745
307,746
307,747
308,748
308,749
309,750
309,751
310,752
311,753
312,754
313,754
314,755
315,755
316,756
317,756
318,757
319,757
320,758
321,758
322,759
323,759
324,760
325,760
326,761
327,761
328,762
329,762
330,763
331,763
332,764
333,764
334,765
335,765
336,766
337,767
338,767
339,768
340,768
341,769
342,770
343,770
344,771
345,772
346,773
347,774
348,775
349,776
350,777
350,778
351,779
352,780
353,781
354,782
355,783
356,784
357,785
358,786
359,787
360,788
361,788
362,789
363,790
364,791
365,792
366,793
367,794
368,795
369,796
370,797
371,798
372,799
373,799
374,800
375,801
376,802
377,803
378,804
379,804
380,805
381,806
382,807
383,808
384,809
385,809
386,810
387,811
388,812
389,813
390,814
391,815
392,816
393,817
394,818
395,819
395,820
396,821
397,822
398,823
399,824
400,825
401,826
402,827
403,828
404,829
405,830
406,831
407,832
408,833
409,834
410,835
411,836
412,837
413,838
414,839
415,840
416,841
417,842
418,843
419,844
419,845
419,846
419,847
420,848
421,849
422,850
322,476
323,475
324,474
325,473
326,472
326,471
327,470
328,469
329,468
330,467
330,466
331,465
332,464
333,463
334,462
335,461
335,460
336,459
337,458
338,457
339,456
339,455
340,454
341,453
342,452
343,451
344,450
344,449
345,448
346,447
347,446
348,445
348,444
349,443
350,442
351,441
352,440
353,439
353,438
354,437
355,436
356,435
357,434
357,433
358,432
359,431
360,430
361,429
361,428
362,427
363,426
364,425
322,478
322,479
322,480
323,481
323,482
323,483
323,484
323,485
323,486
324,487
324,488
324,489
324,490
324,491
325,492
325,493
325,494
325,495
325,496
325,497
326,498
326,499
326,500
326,501
326,502
326,503
325,504
325,505
324,506
323,507
323,508
322,509
322,510
322,511
322,512
322,513
322,514
322,515
322,516
322,517
322,518
322,519
322,520
322,521
322,522
322,523
322,524
322,525
322,526
322,527
322,528
322,529
322,530
322,531
322,532
322,533
322,534
322,535
322,536
322,537
322,538
322,539
322,540
322,541
322,542
322,543
322,544
322,545
322,546
322,547
322,548
322,549
322,550
322,551
322,552
322,553
322,554
322,555
322,556
322,557
322,558
322,559
322,560
322,561
322,562
322,563
322,564
322,565
322,566
322,567
322,568
322,569
322,570
322,571
322,572
322,573
322,574
322,575
322,576
322,577
322,578
322,579
322,580
322,581
322,582
322,583
322,584
322,585
322,586
322,587
322,588
322,589
322,590
322,591
322,592
322,593
322,594
322,595
322,596
322,597
322,598
322,599
322,600
322,601
322,602
322,603
322,604
322,605
322,606
322,607
322,608
322,609
322,610
322,611
322,612
322,613
322,614
322,615
322,616
322,617
322,618
322,619
322,620
322,621
322,622
322,623
322,624
322,625
322,626
322,627
322,628
322,629
322,630
322,631
322,632
322,633
322,634
322,635
322,636
322,637
322,638
322,639
322,640
322,641
322,642
322,643
322,644
322,645
322,646
322,647
322,648
322,649
322,650
322,651
322,652
322,653
322,654
322,655
322,656
322,657
322,658
322,659
322,660
322,661
322,662
322,663
322,664
322,665
322,666
322,667
322,668
322,669
322,670
322,255
323,254
323,253
324,252
324,251
325,250
325,249
326,248
327,247
328,246
328,245
329,244
330,243
331,242
332,241
332,240
333,239
334,238
334,237
335,236
335,235
336,234
336,233
336,232
336,231
336,230
336,229
336,228
336,227
337,226
337,225
337,224
337,223
337,222
337,221
337,220
338,219
339,218
340,217
340,216
341,215
341,214
342,213
342,212
342,211
343,210
343,209
343,208
343,207
344,206
344,205
344,204
345,203
346,202
346,201
323,671
324,671
325,671
326,671
327,671
328,671
329,671
330,671
331,671
332,671
333,671
334,671
335,671
336,671
337,671
338,671
339,671
340,671
341,671
342,671
343,671
344,671
345,671
346,671
347,671
348,671
349,671
350,671
351,671
352,671
353,671
354,671
355,671
356,671
357,671
358,671
359,671
360,671
361,671
362,671
363,671
364,671
365,671
366,671
367,671
368,671
369,671
370,671
371,671
372,671
373,671
374,671
375,671
376,671
377,671
378,671
379,671
380,671
381,671
382,671
383,671
384,671
385,671
386,671
387,671
388,671
389,671
390,671
391,671
392,671
393,671
394,671
395,671
396,671
397,671
398,671
399,671
400,671
401,671
402,671
403,671
404,671
405,671
406,671
407,671
408,671
409,671
410,671
411,671
412,671
413,671
414,671
415,671
416,671
417,671
418,671
419,671
420,671
421,671
422,671
423,671
424,671
425,671
426,671
427,671
428,671
429,671
430,671
431,671
432,671
433,671
434,671
435,671
436,671
437,671
438,670
439,669
440,669
441,669
442,669
443,669
444,668
445,668
446,667
447,666
448,665
449,664
450,664
451,663
452,662
453,662
454,661
455,661
456,661
457,660
458,660
459,660
460,659
461,659
462,659
463,658
464,658
465,657
466,657
467,657
468,656
469,656
470,656
471,655
472,655
473,654
474,654
475,654
476,653
477,653
478,653
479,652
480,652
481,651
482,651
483,651
484,650
485,650
486,650
487,649
488,649
489,649
490,648
491,648
492,647
493,647
494,647
495,647
496,647
497,647
498,646
499,646
500,645
501,645
502,645
503,645
504,645
505,644
506,643
507,642
508,641
509,640
509,639
509,638
509,637
510,636
510,635
511,634
511,633
512,632
512,631
513,630
513,629
514,628
515,627
515,626
516,625
517,624
517,623
517,622
518,621
518,620
519,619
519,618
520,617
520,616
520,615
521,614
521,613
522,612
523,611
523,610
524,609
524,608
525,607
525,606
526,605
527,604
527,603
528,602
528,601
529,600
530,599
530,598
531,597
531,596
532,595
532,594
533,593
533,592
534,591
535,590
535,589
536,588
536,587
537,586
537,585
538,584
538,583
539,582
539,581
540,580
540,579
541,578
542,577
542,576
543,575
543,574
544,573
544,572
545,571
545,570
545,569
546,568
546,567
547,566
547,565
548,564
548,563
549,562
549,561
550,560
550,559
551,558
551,557
551,556
552,555
553,554
553,553
553,552
553,551
554,550
554,549
554,548
555,547
555,546
556,545
556,544
556,543
557,542
557,541
558,540
558,539
559,538
559,537
559,536
560,535
561,534
561,533
562,532
562,531
562,530
563,529
563,528
564,527
564,526
565,525
565,524
565,523
566,522
567,521
567,520
567,519
567,518
567,517
567,516
567,515
567,514
567,513
567,512
567,511
567,510
568,509
568,508
568,507
569,506
569,505
569,504
569,503
569,502
569,501
569,500
569,499
569,498
569,497
570,496
570,495
570,494
571,493
571,492
571,491
572,490
572,489
572,488
573,487
574,486
575,485
346,201
347,200
348,199
349,198
350,198
351,197
352,196
353,196
354,195
355,194
356,193
357,192
358,191
359,191
360,190
361,189
362,189
363,188
364,187
365,186
366,186
367,185
368,185
369,184
370,183
371,183
372,182
373,182
374,181
375,181
376,181
377,180
378,180
379,180
380,180
381,180
382,179
383,179
384,179
385,179
386,179
387,179
388,179
389,179
390,179
391,179
392,179
393,178
394,178
395,177
396,177
397,176
398,176
399,176
400,175
401,175
402,175
403,174
404,173
405,173
406,172
407,171
408,171
409,170
410,170
411,169
412,169
413,168
414,167
415,166
416,165
417,164
418,163
419,163
420,162
421,161
422,160
423,159
424,158
424,157
425,156
426,155
427,154
427,153
427,152
428,151
428,150
428,149
428,148
428,147
428,146
429,145
429,144
429,143
429,142
430,141
430,140
431,139
432,138
432,137
432,136
433,135
433,134
433,133
434,132
434,131
434,130
435,129
436,128
436,127
437,126
437,125
438,124
438,123
439,122
439,121
440,120
441,119
442,118
443,117
443,116
444,115
445,114
445,113
446,112
446,111
446,110
446,109
447,108
447,107
447,106
447,105
448,104
448,103
449,102
364,425
364,424
364,423
364,422
364,421
364,420
364,419
364,418
364,417
364,416
364,415
364,414
364,413
364,412
364,411
364,410
364,409
364,408
364,407
364,406
364,405
364,404
364,403
364,402
364,401
364,400
364,399
364,398
364,397
364,396
364,395
364,394
364,393
364,392
364,391
364,390
364,389
364,388
364,387
364,386
364,385
364,384
365,383
366,382
366,381
367,380
368,379
369,378
369,377
370,376
371,375
372,374
372,373
373,372
374,371
375,370
375,369
376,368
377,367
377,366
378,365
379,364
380,363
380,362
381,361
382,360
383,359
383,358
384,357
385,356
386,355
387,354
387,353
388,352
389,351
390,350
390,349
391,348
392,347
392,346
393,345
393,344
393,343
393,342
394,341
395,340
396,339
397,339
398,338
399,337
400,336
401,335
402,334
403,333
404,332
405,331
406,330
406,329
407,328
408,327
409,326
410,325
411,324
412,323
413,323
414,322
415,321
416,321
417,320
418,319
419,318
420,317
421,317
422,316
423,315
424,314
425,313
426,312
427,312
428,311
429,310
430,310
431,309
432,308
433,308
434,307
435,306
436,305
437,304
438,304
439,303
440,302
441,302
442,302
443,302
444,301
445,301
446,300
447,300
448,299
449,298
450,297
451,296
452,296
453,296
454,295
455,295
456,294
457,294
458,293
459,293
460,292
461,292
462,291
364,425
365,426
366,426
367,426
368,426
369,426
370,426
371,426
372,426
373,426
374,426
375,426
376,426
377,426
378,426
379,426
380,426
381,426
382,426
383,426
384,426
385,426
386,426
387,426
388,426
389,426
390,426
391,426
392,426
393,426
394,426
395,426
396,426
397,426
398,426
399,426
400,426
401,426
402,426
403,426
404,426
405,426
406,426
407,426
408,426
409,426
410,426
411,426
412,426
413,426
414,426
415,426
416,426
417,426
418,426
419,426
420,426
421,426
422,426
423,426
424,426
425,426
426,426
427,426
428,426
429,426
430,426
431,426
432,426
433,426
434,426
435,426
436,426
437,426
438,426
439,426
440,426
441,426
442,426
443,426
444,426
445,426
446,426
447,426
448,426
449,426
450,425
451,425
452,424
453,424
454,424
455,424
456,424
457,423
458,423
459,423
460,423
461,422
462,422
463,421
464,421
465,421
466,421
467,420
468,420
469,419
470,419
471,419
472,419
473,418
474,418
475,418
476,418
477,417
478,416
479,416
480,415
481,414
482,413
483,412
484,411
485,410
486,409
487,408
488,407
489,406
490,405
491,404
492,403
493,402
494,401
495,400
496,400
497,399
498,398
499,397
500,397
501,396
502,395
503,394
422,851
422,852
422,853
422,854
422,855
422,856
422,857
422,858
422,859
422,860
422,861
422,862
422,863
422,864
422,865
422,866
422,867
422,868
422,869
422,870
422,871
422,872
422,873
422,874
422,875
422,876
422,877
422,878
422,879
422,880
422,881
422,882
422,883
422,884
422,885
422,886
422,887
422,888
422,889
422,890
422,891
422,892
422,893
422,894
422,895
422,896
422,897
422,898
422,899
422,900
422,901
422,902
422,903
422,904
422,905
422,906
422,907
422,908
422,909
422,910
422,911
422,912
422,913
422,914
422,915
422,916
422,917
422,918
422,919
422,920
422,921
422,922
422,923
422,924
422,925
422,926
422,927
422,928
422,929
422,930
422,931
422,932
422,933
422,934
422,935
422,936
422,937
422,938
422,939
422,940
422,941
422,942
422,943
422,944
422,945
422,946
422,947
422,948
422,949
422,950
422,951
422,952
422,953
422,954
422,955
422,956
422,957
422,958
422,959
422,960
422,961
422,962
422,963
422,964
422,965
422,966
422,967
422,968
422,969
422,970
422,971
422,972
422,973
422,974
422,975
422,976
422,977
422,978
422,979
422,980
422,981
422,982
422,983
422,984
422,985
422,986
422,987
422,988
422,989
422,990
422,991
422,992
422,993
422,994
422,995
422,996
422,997
422,998
422,999
422,1000
422,1001
422,1002
423,1003
424,1004
425,1004
426,1005
427,1005
428,1006
429,1006
430,1007
431,1007
432,1008
433,1008
434,1009
435,1009
436,1010
437,1011
438,1012
439,1012
440,1013
441,1014
442,1014
443,1015
444,1016
445,1017
446,1018
447,1019
448,1020
448,1021
449,1022
450,1023
450,1024
451,1025
452,1026
453,1027
454,1028
455,1029
456,1030
457,1031
458,1032
458,1033
459,1034
460,1035
461,1036
462,1037
463,1038
463,1039
464,1040
465,1041
466,1042
467,1043
468,1044
469,1045
470,1046
471,1047
472,1048
473,1049
474,1050
475,1050
476,1051
477,1052
478,1052
479,1053
480,1054
481,1054
482,1055
483,1055
484,1056
485,1057
486,1057
487,1058
488,1058
489,1059
490,1060
491,1060
492,1061
493,1061
494,1061
495,1062
423,850
424,850
425,850
426,850
427,850
428,850
429,850
430,850
431,850
432,850
433,850
434,850
435,850
436,850
437,850
438,850
439,850
440,850
441,850
442,850
443,850
444,850
445,850
446,850
447,850
448,850
449,850
450,850
451,850
452,850
453,850
454,850
455,850
456,850
457,850
458,850
459,850
460,850
461,850
462,850
463,850
464,850
465,850
466,850
467,850
468,850
469,850
470,850
471,850
472,850
473,850
474,850
475,850
476,850
477,850
478,850
479,850
480,850
481,850
482,851
483,852
484,853
485,854
486,855
487,855
488,856
489,857
489,858
490,859
491,860
491,861
492,862
492,863
493,864
494,865
494,866
495,867
495,868
496,869
497,870
498,871
499,872
499,873
500,874
500,875
501,876
501,877
502,878
502,879
503,880
503,881
504,882
504,883
505,884
505,885
506,886
506,887
506,888
507,889
507,890
508,891
508,892
509,893
509,894
510,895
510,896
511,897
511,898
512,899
512,900
513,901
513,902
514,903
514,904
515,905
515,906
515,907
515,908
516,909
516,910
516,911
516,912
516,913
516,914
516,915
517,916
517,917
518,918
518,919
449,100
449,99
448,98
448,97
448,96
448,95
448,94
448,93
448,92
448,91
448,90
448,89
448,88
448,87
448,86
448,85
447,84
447,83
446,82
446,81
446,80
446,79
445,78
445,77
445,76
445,75
444,74
444,73
444,72
444,71
444,70
444,69
444,68
443,67
443,66
443,65
443,64
443,63
443,62
443,61
443,60
443,59
443,58
443,57
443,56
444,55
444,54
445,53
445,52
446,51
447,50
448,50
449,49
450,49
451,48
452,47
453,46
454,45
455,45
456,44
457,43
458,43
459,42
460,42
461,42
462,41
463,40
464,40
465,39
466,39
467,39
468,38
469,38
470,37
471,36
472,35
472,34
473,33
473,32
473,31
474,30
474,29
474,28
475,27
475,26
476,25
476,24
476,23
476,22
476,21
477,20
477,19
478,18
478,17
479,16
479,15
480,14
480,13
480,12
481,11
482,10
483,10
484,10
485,9
486,9
487,9
488,8
489,8
490,8
463,291
464,291
465,291
466,291
467,291
468,291
469,291
470,291
471,291
472,291
473,291
474,291
475,291
476,291
477,291
478,291
479,291
480,291
481,291
482,291
483,291
484,291
485,291
486,291
487,291
488,292
489,293
490,294
491,294
492,295
493,295
494,296
495,296
496,297
497,298
498,298
499,299
500,300
501,300
502,301
503,302
504,303
505,304
506,304
507,305
508,306
509,306
510,307
511,307
512,308
513,308
514,309
515,309
516,308
517,308
518,307
519,307
520,307
521,306
522,306
523,306
524,306
525,306
526,306
527,306
528,306
529,306
530,306
531,306
532,306
533,306
534,306
535,306
536,306
537,306
538,306
539,306
540,306
487,236
488,236
489,237
490,238
491,238
492,239
493,240
494,240
495,241
496,242
497,242
498,242
499,242
500,242
501,242
502,242
503,242
504,242
505,242
506,242
507,242
508,242
509,242
510,242
511,242
512,242
513,242
514,242
515,242
516,242
517,242
518,242
519,242
520,243
521,243
522,244
522,245
523,246
524,247
524,248
525,249
525,250
526,251
526,252
527,253
527,254
527,255
528,256
528,257
529,258
529,259
529,260
529,261
529,262
530,263
530,264
531,265
531,266
532,267
533,268
533,269
534,270
535,271
535,272
536,273
537,274
538,275
538,276
539,277
540,278
540,279
541,280
542,281
542,282
543,283
544,284
545,285
545,286
546,287
547,288
547,289
548,290
503,393
503,392
504,391
504,390
505,389
505,388
506,387
507,386
508,385
504,394
505,394
506,395
507,395
508,395
509,396
510,396
511,396
512,397
513,397
514,397
515,398
516,398
517,398
518,398
519,398
520,398
521,398
522,398
523,398
524,398
525,398
526,399
527,399
528,399
529,400
530,401
530,402
531,403
531,404
532,405
533,406
534,406
535,407
536,408
537,409
538,409
539,410
540,411
541,411
542,412
543,413
544,413
545,414
546,415
547,416
548,416
549,417
550,418
551,418
552,419
553,420
554,421
555,421
556,422
557,423
558,423
559,424
560,425
508,384
508,383
508,382
508,381
509,380
509,379
510,378
511,377
512,376
513,375
513,373
513,372
514,371
514,370
514,369
515,368
516,367
516,366
517,365
518,364
518,363
518,362
518,361
519,360
520,359
521,358
521,357
522,356
523,355
524,354
524,353
525,352
526,351
527,350
527,349
527,348
527,347
527,346
528,345
528,344
528,343
528,342
529,341
530,340
530,339
531,338
531,337
532,336
532,335
533,334
534,333
534,332
535,331
536,330
536,329
537,328
538,327
539,326
540,325
540,324
541,323
542,322
541,306
542,305
543,304
544,303
545,302
545,301
546,300
547,299
547,298
548,297
548,296
548,295
548,294
548,293
548,292
548,291
541,307
541,308
541,309
541,310
541,311
541,312
541,313
541,314
541,315
542,316
542,317
542,318
542,319
542,320
549,290
550,290
551,290
552,290
553,290
554,290
555,290
556,290
557,290
558,290
559,290
560,290
561,290
562,289
563,289
564,288
565,288
566,287
567,286
568,286
569,285
570,284
571,283
572,283
573,282
574,281
575,280
576,279
577,278
578,278
579,277
580,277
581,276
582,276
583,275
584,275
585,274
586,274
587,273
588,272
589,271
590,270
591,269
592,268
593,267
594,266
595,265
595,264
596,263
597,262
598,261
599,260
600,259
601,258
602,257
603,256
604,255
605,254
606,253
607,252
608,251
609,250
610,249
610,248
611,247
612,246
613,245
614,244
615,243
616,242
617,241
617,240
618,239
619,238
619,238
620,237
621,236
622,235
623,234
623,233
624,232
625,231
626,230
627,229
628,228
629,227
630,226
631,225
632,224
633,223
634,222
635,221
636,220
637,219
637,218
638,217
639,216
640,215
641,214
642,213
643,212
644,211
645,210
646,209
647,208
647,207
648,206
648,205
649,204
649,203
649,202
649,201
650,200
650,199
651,198
652,197
652,196
653,195
653,194
654,193
654,192
655,191
655,190
656,189
656,188
657,187
657,186
657,185
658,184
658,183
659,182
659,181
660,180
660,179
660,178
660,177
661,176
661,175
661,174
661,173
662,172
662,171
