1,422
1,423
2,424
3,425
3,426
4,427
5,427
6,427
7,428
8,428
9,429
10,430
11,430
12,431
13,431
14,431
15,432
16,432
17,433
18,434
19,434
20,435
21,435
22,436
23,436
24,437
25,438
26,438
27,439
28,439
29,439
30,440
31,440
32,440
33,441
34,441
35,441
36,442
37,442
38,442
39,443
40,443
41,444
42,444
43,444
44,445
45,445
46,445
47,445
48,446
49,446
50,447
51,447
52,447
53,448
54,448
55,448
56,449
57,449
58,450
59,450
60,451
61,451
62,451
63,451
64,452
65,452
66,453
67,453
68,453
69,453
70,454
71,454
72,455
73,456
74,457
1,456
2,457
2,458
3,459
4,460
5,461
6,462
6,463
7,464
8,465
8,466
9,467
10,468
10,469
11,470
12,471
13,472
13,473
14,474
15,475
15,476
16,477
17,478
17,479
18,480
19,481
19,482
20,483
21,484
22,485
22,486
23,487
24,488
25,489
25,490
26,491
27,492
27,493
28,494
29,495
30,496
30,497
31,498
32,499
32,500
33,501
34,502
34,503
35,504
36,505
36,506
37,507
38,508
38,509
39,510
40,511
40,512
41,513
42,514
43,515
43,516
44,517
45,518
45,519
46,520
47,521
47,522
48,523
49,524
49,525
50,526
51,527
51,528
52,529
53,530
53,531
54,532
55,533
56,534
56,535
57,536
58,537
58,538
59,539
60,540
60,541
61,542
62,543
62,544
63,545
64,546
64,547
65,548
66,549
66,550
67,551
68,552
69,553
69,554
70,555
71,556
71,557
72,558
73,559
73,560
74,561
75,562
75,563
76,564
77,565
77,566
78,567
79,568
79,569
80,570
81,571
81,572
82,573
83,574
83,575
84,576
85,577
86,578
86,579
87,580
88,581
88,582
89,583
90,584
90,585
91,586
92,587
92,588
93,589
94,590
94,591
95,592
96,593
96,594
97,595
98,596
98,597
99,598
100,599
100,600
101,601
102,602
103,603
103,604
104,605
105,606
106,607
106,608
107,609
108,610
109,611
109,612
110,613
111,614
112,615
113,616
113,617
114,618
115,619
116,620
117,621
118,622
119,623
119,624
120,625
121,626
122,627
123,628
124,629
125,630
126,631
127,632
128,633
129,634
130,635
131,636
132,637
133,638
134,639
135,640
136,641
137,642
137,643
138,644
139,645
140,646
141,647
142,648
143,649
144,650
145,651
146,652
147,653
148,654
149,655
150,656
151,657
152,658
33,252
34,252
35,253
36,254
37,254
38,255
39,255
40,256
41,257
42,257
43,258
44,258
45,259
46,259
47,260
48,260
49,261
50,261
51,262
52,262
53,263
54,263
55,263
56,264
57,264
58,264
59,264
60,265
61,265
62,265
63,265
64,266
65,266
66,267
67,267
68,267
69,267
70,268
71,268
72,268
73,268
74,269
75,269
76,269
77,269
78,269
79,269
80,269
81,269
82,269
83,269
84,269
85,269
86,269
87,269
88,269
89,269
90,269
91,268
92,268
93,268
94,268
95,268
96,267
97,267
98,267
99,266
74,457
75,457
76,457
77,457
78,457
79,457
80,457
81,457
82,458
83,458
84,458
85,459
86,459
87,459
88,460
89,460
90,461
90,461
91,460
92,460
93,461
94,461
95,462
96,462
97,462
98,462
99,462
100,463
99,266
100,265
101,264
101,263
101,262
102,261
102,260
103,259
103,258
103,257
103,256
103,255
103,254
103,253
103,252
103,251
103,250
103,249
103,248
102,247
102,246
99,266
100,267
100,268
101,269
101,270
102,271
102,272
103,273
103,274
103,275
104,276
104,277
104,278
105,279
105,280
105,281
105,282
106,283
106,284
106,285
106,286
106,287
107,288
107,289
107,290
107,291
108,292
108,293
108,294
108,295
109,296
109,297
109,298
110,299
110,300
110,301
111,302
111,303
111,304
112,305
112,306
112,307
113,308
113,309
114,310
114,311
115,312
115,313
116,314
116,315
116,316
117,317
117,318
118,319
118,320
119,321
120,322
100,463
101,462
102,462
103,462
104,462
105,462
106,462
107,462
108,462
109,462
110,462
111,462
112,462
113,462
114,462
115,461
116,462
117,462
118,462
119,462
120,462
121,462
122,462
123,463
124,463
125,463
126,463
127,463
128,463
129,462
130,462
131,461
132,461
133,460
134,460
135,459
136,458
137,458
138,457
103,245
104,244
105,243
106,242
107,241
108,240
109,239
110,238
111,237
112,236
113,235
113,234
114,233
115,232
116,231
116,230
117,229
117,228
118,227
118,226
118,225
119,224
119,223
119,222
119,221
119,220
119,219
119,218
120,217
112,392
111,391
110,390
110,389
110,388
109,387
109,386
109,385
108,384
108,383
108,382
107,381
107,380
107,379
107,378
106,377
106,376
106,375
106,374
106,373
106,372
105,371
105,370
105,369
105,368
105,367
105,366
105,365
105,364
105,363
106,362
106,361
106,360
106,359
106,358
106,357
106,356
106,355
106,354
106,353
107,352
107,351
107,350
107,349
107,348
108,347
108,346
108,345
109,344
109,343
109,342
110,341
110,340
110,339
111,338
111,337
112,336
112,335
112,334
113,333
113,332
114,331
114,330
115,329
115,328
116,327
116,326
117,325
118,324
119,323
120,322
112,392
111,393
110,394
109,395
108,396
108,397
107,398
107,399
106,400
105,401
105,402
104,403
103,404
103,405
102,406
102,407
101,408
101,409
101,410
100,411
100,412
100,413
99,414
99,415
98,416
98,417
98,418
98,419
98,420
98,421
98,422
99,423
100,424
101,425
101,426
102,427
103,428
104,429
105,429
106,430
107,431
108,432
109,433
110,434
111,434
112,435
113,435
114,436
115,436
116,437
117,437
118,437
119,438
120,438
121,438
122,438
123,438
124,438
125,438
126,438
127,438
128,439
129,439
130,439
131,439
132,440
112,392
113,392
114,393
115,393
116,393
117,393
118,393
119,394
120,394
121,394
122,394
123,394
124,394
125,395
126,395
127,395
128,395
129,395
130,395
131,395
132,395
133,395
134,395
135,395
136,395
137,395
138,395
139,394
140,394
141,394
142,393
120,322
121,322
122,322
123,322
124,322
125,322
126,322
127,322
128,322
129,322
130,322
131,321
132,321
133,321
134,320
135,320
136,320
137,319
138,319
139,318
140,318
141,318
142,317
143,317
144,316
145,316
146,316
147,315
148,315
149,314
150,314
151,314
152,313
153,313
154,313
155,312
156,312
157,312
158,311
159,311
160,311
161,310
162,310
163,310
164,310
165,309
166,309
167,309
168,308
169,308
170,308
171,307
172,307
173,307
174,306
132,440
132,441
133,442
133,443
134,444
134,445
134,446
135,447
135,448
135,449
135,450
136,451
136,452
136,453
136,454
136,455
137,456
138,457
132,440
133,439
134,438
135,438
136,438
137,437
138,437
139,437
140,437
141,436
142,436
143,436
144,435
145,435
146,435
147,435
148,434
149,434
150,434
151,434
152,434
153,434
154,434
155,434
156,434
157,435
158,434
159,435
160,435
161,434
133,495
134,494
135,494
136,494
137,494
138,494
139,494
140,494
141,493
142,493
143,492
144,491
145,491
146,490
147,489
148,489
149,489
150,488
151,488
138,457
139,457
140,457
141,457
142,456
143,456
144,456
145,456
146,456
147,456
148,456
149,456
150,456
151,456
152,457
153,457
154,457
155,457
156,458
157,458
158,458
159,458
160,458
161,458
162,458
163,458
164,458
165,457
166,457
167,457
168,457
169,456
170,456
171,455
172,455
173,454
174,454
175,454
176,453
177,453
178,452
179,452
180,452
181,451
142,393
143,394
144,393
145,393
146,393
147,393
148,393
149,393
150,392
151,392
152,392
153,392
154,391
155,391
156,391
157,391
158,391
159,391
160,391
161,391
162,391
163,391
164,390
165,390
166,390
167,390
168,390
169,389
170,389
171,389
172,389
173,388
174,388
175,388
176,388
177,387
178,387
179,387
180,387
181,387
182,386
183,386
184,386
185,386
150,212
151,213
150,214
150,214
151,215
151,216
151,217
150,218
150,219
150,220
149,221
150,222
150,223
150,224
149,225
149,226
150,227
150,228
150,229
150,230
150,230
151,231
151,232
152,233
153,234
153,235
154,236
155,237
156,238
157,239
158,239
159,240
160,241
161,242
162,243
163,244
163,245
163,246
164,247
164,248
164,249
165,250
165,251
165,252
166,253
166,254
167,255
167,256
167,257
168,258
168,259
169,260
169,261
169,262
170,263
170,264
171,265
172,266
173,267
174,268
175,269
176,270
177,270
178,271
179,272
180,273
181,274
182,275
152,488
153,489
154,490
155,491
156,492
156,493
157,494
157,495
157,496
157,497
157,498
158,499
157,500
158,501
158,502
159,503
152,658
153,657
153,656
153,655
153,654
154,653
154,652
154,651
154,650
154,649
154,648
154,647
154,646
154,645
154,644
154,643
154,642
154,641
154,640
154,639
154,638
154,637
154,636
154,635
154,634
155,633
155,632
155,631
155,630
155,629
155,628
155,627
155,626
155,625
155,624
155,623
155,622
155,621
155,620
155,619
155,618
155,617
155,616
155,615
156,614
156,613
156,612
156,611
156,610
156,609
156,608
156,607
156,606
156,605
156,604
156,603
156,602
156,601
156,600
156,599
156,598
156,597
156,596
156,595
157,594
157,593
157,592
157,591
157,590
157,589
157,588
157,587
157,586
157,585
157,584
157,583
157,582
157,581
157,580
157,579
157,578
157,577
157,576
157,575
157,574
157,573
157,572
157,571
157,570
157,569
158,568
158,567
158,566
158,565
158,564
158,563
158,562
158,561
158,560
158,559
158,558
158,557
158,556
158,555
158,554
158,553
158,552
158,551
158,550
158,549
158,548
158,547
158,546
158,545
158,544
159,543
158,542
159,541
159,540
159,539
159,538
158,537
159,536
159,535
158,534
158,533
158,532
158,531
159,530
158,529
158,528
158,527
158,526
158,525
158,524
158,523
158,522
159,521
158,520
159,519
158,518
158,517
158,516
159,515
158,514
158,513
158,512
158,511
158,510
158,509
158,508
158,507
158,506
158,505
158,504
159,503
152,658
153,659
154,660
155,661
156,662
157,663
158,664
159,665
160,666
161,667
162,668
162,669
163,670
164,671
165,672
166,673
167,674
168,675
169,676
169,677
170,678
171,679
172,680
173,681
174,682
175,683
176,684
177,685
178,686
179,687
180,688
181,689
182,690
183,691
184,692
185,693
186,694
187,695
187,696
188,697
189,698
190,699
191,700
192,701
193,702
194,703
195,704
196,705
197,706
198,707
199,708
200,709
201,710
202,711
203,712
204,713
205,714
206,715
207,716
208,717
209,718
210,719
211,720
212,721
213,722
214,723
215,724
216,725
217,726
218,727
219,728
220,729
221,730
222,731
223,732
224,732
225,733
226,734
227,735
228,736
229,737
230,738
231,739
232,739
233,740
234,741
235,742
236,743
237,744
238,745
239,746
240,747
241,748
242,748
243,749
244,750
245,751
246,752
247,752
248,753
249,754
250,755
251,756
252,757
253,757
254,758
255,759
256,760
257,761
258,762
259,762
260,763
261,764
262,765
263,766
264,767
265,767
266,768
267,769
268,770
269,770
270,771
271,772
272,773
273,774
274,774
275,775
276,776
277,777
278,778
279,778
280,779
281,780
282,781
283,781
284,782
285,783
286,784
287,785
288,786
289,787
161,434
162,435
163,436
164,436
165,437
166,438
167,439
168,440
169,440
170,441
171,442
172,443
173,444
174,445
175,446
176,447
177,448
178,448
179,449
180,450
181,451
174,306
174,305
175,304
175,303
175,302
176,301
176,300
176,299
177,298
177,297
177,296
178,295
178,294
178,293
179,292
179,291
179,290
180,289
180,288
180,287
181,286
181,285
182,284
182,283
182,282
183,281
174,306
175,307
176,308
177,309
178,310
179,311
180,312
181,313
182,314
183,315
184,316
185,317
186,318
187,319
187,320
188,321
189,322
178,489
178,488
178,487
178,486
179,485
179,484
179,483
180,482
181,481
182,480
183,479
184,478
185,477
186,476
187,475
188,474
189,473
190,472
191,471
192,470
193,469
194,468
195,467
196,466
197,465
198,464
199,463
200,462
201,461
202,460
203,459
204,458
205,457
181,451
182,451
183,452
184,452
185,452
186,452
187,453
188,453
189,453
190,453
191,453
192,454
193,454
194,454
195,454
196,455
197,455
198,455
199,455
200,455
201,456
202,456
203,456
204,456
205,457
182,275
182,276
182,277
183,278
183,279
183,280
182,275
183,274
184,273
184,272
185,271
186,270
187,269
187,268
188,267
189,266
190,265
191,264
191,263
192,262
193,261
194,260
195,259
196,258
197,257
197,256
198,255
199,254
200,253
201,253
202,252
203,251
204,250
205,249
206,248
207,247
208,246
208,245
209,244
209,243
210,242
186,385
186,384
186,383
186,382
186,381
185,380
186,379
185,378
186,377
185,376
185,375
185,374
186,373
186,372
186,371
186,370
186,369
186,368
186,367
186,366
187,365
187,364
187,363
187,362
187,361
188,360
188,359
188,358
189,357
189,356
190,355
190,354
190,353
190,352
190,351
190,350
191,349
191,348
191,347
191,346
191,345
191,344
191,343
191,342
191,341
192,340
192,339
192,338
192,337
192,336
192,335
192,334
191,333
191,332
191,331
191,330
191,329
190,328
190,327
190,326
190,325
189,324
189,323
186,386
187,387
188,387
189,388
190,389
191,390
192,390
193,391
194,392
195,392
196,393
197,394
198,395
199,395
200,396
201,397
202,397
203,398
204,399
205,400
206,400
207,401
208,402
209,403
210,403
211,404
212,405
213,405
214,406
215,407
216,408
217,408
218,409
219,410
220,410
221,411
222,412
223,413
224,413
225,414
226,415
227,416
228,417
229,417
230,418
231,419
232,420
233,420
234,421
235,422
236,422
237,423
238,424
239,425
240,426
241,427
242,428
243,429
244,430
245,431
246,432
247,433
248,434
249,435
249,436
250,437
251,438
191,321
192,322
193,322
194,322
195,322
196,322
197,322
198,322
199,322
200,322
201,322
202,322
203,322
204,322
205,321
202,222
203,221
204,220
205,219
206,218
207,217
208,216
209,215
210,214
211,214
212,213
213,212
214,212
215,212
216,212
217,212
218,212
219,212
220,212
221,212
222,212
223,212
224,213
225,213
226,213
227,213
228,213
229,213
230,213
231,214
202,222
203,223
203,224
204,225
204,226
204,227
204,228
204,229
204,230
205,231
205,232
205,233
206,234
206,235
207,236
207,237
208,238
208,239
209,240
209,241
210,242
205,321
206,320
207,319
208,318
209,317
210,316
211,315
212,314
213,313
214,312
215,311
216,310
217,309
218,308
219,308
220,309
221,308
222,308
223,307
205,321
206,322
207,322
208,322
209,321
210,321
211,321
212,321
213,321
214,320
215,320
216,320
217,319
218,319
219,318
220,317
221,316
222,315
223,314
224,313
225,312
226,311
227,310
205,457
206,456
207,455
208,455
209,454
210,454
211,454
212,453
213,453
214,453
215,452
216,452
217,452
218,452
219,451
220,451
221,450
222,450
223,450
224,449
225,449
226,449
227,448
228,448
229,448
230,447
231,447
232,446
233,446
234,446
235,445
236,445
237,444
238,444
239,444
240,443
241,443
242,442
243,442
244,441
245,441
246,441
247,440
248,440
249,439
250,439
251,438
210,242
211,242
212,242
213,241
214,240
215,240
216,239
217,238
218,237
219,237
220,236
221,235
222,235
223,234
224,234
225,234
226,233
227,233
228,232
220,30
221,31
222,32
223,32
224,33
225,33
226,34
227,35
227,36
228,37
228,38
229,39
229,40
230,41
230,42
230,43
230,44
229,45
228,46
227,47
226,48
225,49
224,50
223,51
222,51
221,52
221,53
221,54
221,55
221,56
222,57
222,58
223,59
224,60
224,61
225,62
226,63
226,64
227,65
228,66
229,67
229,68
230,69
231,70
232,71
233,72
234,73
235,74
235,75
235,76
235,77
234,78
234,79
234,80
233,81
233,82
232,83
232,84
231,85
231,86
230,87
229,88
228,89
227,90
226,91
226,92
225,93
224,94
225,302
226,303
225,304
225,307
226,308
227,309
224,94
225,95
226,96
227,97
228,98
229,99
230,100
231,101
232,102
233,102
234,103
235,103
236,104
237,105
238,105
239,106
240,107
241,107
242,108
242,109
243,110
243,111
244,112
244,113
244,114
245,115
245,116
245,117
245,118
246,119
228,309
229,309
230,310
231,309
232,309
233,309
234,309
235,309
236,309
237,308
238,307
239,306
240,305
241,304
242,304
243,303
244,302
245,302
246,302
247,301
248,301
249,301
250,300
251,299
252,298
253,297
254,296
229,232
230,231
231,231
232,230
233,230
234,229
235,229
236,228
237,228
238,228
239,228
240,227
241,228
242,228
243,228
244,227
245,227
246,227
247,227
248,227
249,226
231,214
232,213
233,213
234,213
235,213
236,213
237,212
237,211
238,210
239,209
240,208
241,207
241,206
241,205
242,204
242,203
242,202
242,201
243,200
243,199
243,198
243,197
244,196
244,195
244,194
245,193
245,192
245,191
245,190
246,189
246,188
246,187
246,186
246,185
246,184
245,183
245,182
245,181
245,180
244,1047
243,1046
243,1045
243,1044
243,1043
243,1042
243,1041
242,1040
242,1039
242,1038
242,1037
242,1036
242,1035
242,1034
242,1033
242,1032
242,1031
242,1030
242,1029
242,1028
242,1027
242,1026
242,1025
241,1024
241,1023
241,1022
241,1021
241,1020
241,1019
241,1018
241,1017
241,1016
241,1015
241,1014
241,1013
241,1012
241,1011
241,1010
241,1009
241,1008
241,1007
241,1006
241,1005
241,1004
241,1003
241,1002
241,1001
241,1000
241,999
241,998
241,997
241,996
241,995
241,994
241,993
241,992
241,991
241,990
241,989
241,988
241,987
241,986
241,985
241,984
241,983
241,982
242,981
242,980
242,979
242,978
242,977
242,976
242,975
242,974
242,973
242,972
242,971
242,970
242,969
242,968
242,967
242,966
243,965
243,964
243,963
243,962
243,961
243,960
243,959
243,958
243,957
243,956
243,955
243,954
244,953
244,952
244,951
244,950
244,949
244,948
244,947
244,946
244,945
245,944
245,943
245,942
245,941
245,940
245,939
245,938
246,937
246,936
246,935
246,934
246,933
246,932
246,931
247,930
247,929
247,928
247,927
247,926
247,925
247,924
248,923
248,922
248,921
248,920
248,919
249,918
249,917
249,916
249,915
249,914
249,913
250,912
250,911
250,910
250,909
250,908
251,907
251,906
251,905
251,904
251,903
252,902
252,901
252,900
252,899
252,898
253,897
253,896
253,895
253,894
254,893
254,892
254,891
254,890
255,889
255,888
255,887
255,886
255,885
256,884
256,883
256,882
256,881
257,880
257,879
257,878
258,877
258,876
258,875
258,874
259,873
259,872
259,871
259,870
260,869
260,868
260,867
261,866
261,865
261,864
261,863
262,862
262,861
262,860
263,859
263,858
263,857
263,856
264,855
264,854
264,853
265,852
265,851
265,850
266,849
266,848
266,847
267,846
267,845
267,844
268,843
268,842
268,841
269,840
269,839
269,838
270,837
270,836
270,835
271,834
271,833
271,832
272,831
272,830
272,829
273,828
273,827
274,826
274,825
274,824
275,823
275,822
275,821
276,820
276,819
277,818
277,817
277,816
278,815
278,814
279,813
279,812
279,811
280,810
280,809
281,808
281,807
281,806
282,805
282,804
283,803
283,802
283,801
284,800
284,799
285,798
285,797
286,796
286,795
286,794
287,793
287,792
288,791
288,790
289,789
289,788
289,787
246,1048
247,1047
248,1048
244,1052
245,1051
246,1050
247,1049
248,1048
249,1048
250,1047
251,1048
252,1048
253,1048
254,1048
255,1047
256,1046
257,1047
244,1052
243,1053
243,1054
243,1055
243,1056
243,1057
243,1058
243,1059
243,1060
243,1061
244,1062
245,1061
245,179
244,178
244,177
243,176
243,175
243,174
243,173
243,172
242,171
242,170
242,169
242,168
242,167
241,166
242,165
241,164
242,163
242,162
241,161
242,160
242,159
242,158
242,157
242,156
242,155
241,154
242,153
242,152
242,151
242,150
242,149
241,148
241,147
241,146
241,145
241,144
241,143
241,142
241,141
241,140
241,139
241,138
241,137
241,136
240,135
241,134
240,133
240,132
240,131
241,130
241,129
240,128
241,127
241,126
242,125
243,124
243,123
244,122
244,121
245,120
246,119
245,1061
246,1060
247,1059
248,1058
249,1057
250,1056
251,1055
252,1054
253,1053
254,1052
255,1051
256,1050
257,1049
258,1048
245,1061
246,1062
247,1062
248,1062
249,1062
250,1062
251,1062
252,1061
246,119
247,119
248,120
249,119
250,119
251,119
252,119
253,119
254,119
255,119
256,119
257,118
258,118
259,118
260,118
261,117
262,117
263,117
264,116
264,115
265,114
266,113
266,112
267,111
267,110
267,109
267,108
267,107
267,106
267,105
267,104
267,103
267,102
267,101
268,100
267,99
249,226
250,225
251,224
251,223
252,222
252,221
253,220
253,219
254,218
255,217
255,216
255,215
256,214
256,213
257,212
257,211
251,438
252,439
253,439
254,440
255,440
256,440
257,441
258,441
259,441
260,442
261,442
262,442
263,443
264,443
265,443
266,444
267,444
268,444
269,445
270,445
271,445
272,446
273,446
274,446
275,447
276,447
277,447
278,448
279,448
280,448
281,449
282,449
283,450
284,450
285,450
286,451
287,451
288,451
289,452
290,452
291,452
292,453
293,453
294,454
295,454
296,454
297,455
298,455
299,455
300,456
301,456
302,456
303,457
304,457
305,458
306,458
307,458
308,459
309,459
310,460
311,461
312,461
313,462
314,463
315,463
316,464
317,464
318,465
319,466
320,466
321,467
322,467
323,468
324,469
252,1061
253,1060
254,1059
255,1058
256,1057
257,1056
258,1055
259,1054
260,1053
261,1052
262,1051
263,1050
264,1049
252,1061
253,1062
254,1062
255,1062
256,1061
254,296
255,296
256,296
257,296
258,296
259,295
260,295
261,294
262,293
263,293
264,292
265,291
266,290
267,289
268,288
269,287
270,287
271,286
272,285
273,285
274,284
275,283
276,283
277,283
278,282
279,282
280,282
281,281
282,280
283,279
284,278
285,277
286,276
287,275
288,275
289,274
290,273
291,273
292,273
293,273
294,272
295,272
296,272
297,272
298,272
299,271
300,271
301,271
302,271
303,270
304,270
305,269
306,269
307,269
308,268
309,268
310,267
311,266
256,1061
257,1060
258,1059
259,1058
260,1057
261,1056
262,1055
263,1054
264,1053
265,1052
266,1051
267,1050
268,1049
256,1061
257,1062
258,1062
259,1062
260,1062
261,1062
262,1061
258,210
259,210
260,209
261,208
257,1047
258,1046
259,1047
259,1047
260,1046
261,1046
262,1047
261,207
262,206
263,205
264,204
265,203
262,354
263,355
264,356
265,357
266,358
267,359
268,360
269,361
270,362
271,363
272,364
273,365
274,366
275,367
276,368
277,369
278,370
279,371
280,372
281,373
282,374
283,375
284,376
285,377
286,378
287,379
287,380
287,381
287,382
287,383
287,384
288,385
288,386
289,387
289,388
289,389
289,390
290,391
290,392
290,393
291,394
291,395
291,396
291,397
292,398
292,399
292,400
292,401
293,402
293,403
293,404
294,405
294,406
294,407
294,408
295,409
295,410
295,411
295,412
296,413
296,414
296,415
297,416
297,417
297,418
297,419
298,420
298,421
298,422
299,423
299,424
299,425
299,426
300,427
300,428
300,429
300,430
301,431
302,432
301,433
302,434
303,435
302,436
303,437
303,438
303,439
304,440
269,1046
270,1045
271,1046
271,1046
272,1045
273,1045
262,1061
263,1060
264,1059
265,1058
266,1057
267,1056
268,1055
269,1054
270,1053
271,1052
272,1051
273,1050
274,1049
275,1048
262,1061
263,1062
264,1062
265,1062
266,1062
267,1062
268,1061
266,202
266,201
266,200
267,199
267,198
267,197
268,196
269,195
270,194
271,193
272,193
273,192
274,193
275,193
276,193
277,193
278,193
279,193
280,192
268,1061
269,1060
270,1059
271,1058
272,1057
273,1056
274,1055
275,1054
276,1053
277,1052
278,1051
279,1050
280,1049
281,1048
268,1061
269,1062
270,1062
271,1062
272,1062
273,1062
274,1062
275,1061
278,1045
279,1044
280,1045
275,1048
276,1048
277,1048
278,1047
279,1046
280,1047
281,1048
280,1045
281,1044
282,1045
283,1044
299,1046
300,1047
301,1046
282,1061
283,1060
284,1059
285,1058
286,1057
287,1056
288,1055
289,1054
290,1053
291,1052
292,1051
293,1050
294,1049
285,1046
286,1047
287,1047
288,1048
295,1043
296,1043
297,1044
302,1045
303,1046
304,1046
305,1045
280,192
281,193
282,193
283,193
284,192
285,192
286,191
287,190
288,189
289,188
290,187
281,1048
282,1047
283,1047
284,1047
285,1046
282,1061
283,1062
284,1062
285,1062
286,1062
287,1062
288,1062
289,1062
290,1062
291,1062
292,1062
293,1062
294,1062
295,1062
296,1062
297,1062
298,1062
299,1062
300,1062
301,1062
302,1062
303,1062
304,1062
305,1062
306,1062
307,1062
308,1062
309,1062
310,1062
311,1062
312,1062
313,1062
314,1062
315,1062
316,1062
317,1062
318,1062
319,1062
320,1062
321,1062
322,1062
323,1062
324,1062
325,1062
326,1062
327,1062
328,1062
329,1062
330,1062
331,1062
332,1062
333,1062
334,1062
335,1062
336,1062
337,1062
338,1062
339,1062
340,1062
341,1062
342,1062
343,1062
344,1062
345,1062
346,1062
347,1062
348,1062
349,1062
350,1062
351,1062
352,1062
353,1062
354,1062
355,1062
356,1062
357,1062
358,1062
359,1062
360,1062
361,1062
362,1062
363,1062
364,1062
365,1062
366,1062
367,1062
368,1062
369,1062
370,1062
371,1062
372,1062
373,1062
374,1062
375,1062
376,1062
377,1062
378,1062
379,1062
380,1062
381,1062
382,1062
383,1062
384,1062
385,1062
386,1062
387,1062
388,1062
389,1062
390,1062
391,1062
392,1062
393,1062
394,1062
395,1062
396,1062
397,1062
398,1062
399,1062
400,1062
401,1062
402,1062
403,1062
404,1062
405,1062
406,1062
407,1062
408,1062
409,1062
410,1062
411,1062
412,1062
413,1062
414,1062
415,1062
416,1062
417,1062
418,1062
419,1062
420,1062
421,1062
422,1062
423,1062
424,1062
425,1062
426,1062
427,1062
428,1062
429,1062
430,1062
431,1062
432,1062
433,1062
434,1062
435,1062
436,1062
437,1062
438,1062
439,1062
440,1062
441,1062
442,1062
443,1062
444,1062
445,1062
446,1062
447,1062
448,1062
449,1062
450,1062
451,1062
452,1062
453,1062
454,1062
455,1062
456,1062
457,1062
458,1062
459,1062
460,1062
461,1062
462,1062
463,1062
464,1062
465,1062
466,1062
467,1062
468,1062
469,1062
470,1062
471,1062
472,1062
473,1062
474,1062
475,1062
476,1062
477,1062
478,1062
479,1062
480,1062
481,1062
482,1062
483,1062
484,1062
485,1062
486,1062
487,1062
488,1062
489,1062
490,1062
491,1062
492,1062
493,1062
494,1062
495,1062
283,1044
284,1043
285,1044
289,787
290,786
291,785
292,785
293,784
294,784
295,783
296,783
297,782
298,782
299,781
300,780
301,780
302,779
303,779
304,778
305,778
306,777
307,777
308,776
309,775
310,775
311,774
312,773
290,186
290,185
290,184
290,183
290,182
291,181
291,180
291,179
291,179
292,178
293,178
294,177
295,176
296,175
297,174
298,174
299,173
299,172
300,171
293,1043
294,1042
295,1043
300,170
300,169
301,168
300,167
301,166
301,165
301,164
302,163
303,162
304,161
305,160
306,159
307,158
307,157
308,156
309,155
310,154
311,154
312,153
313,154
314,154
315,153
316,153
317,153
318,153
319,153
320,153
321,153
322,152
323,151
324,150
325,149
326,148
327,147
328,146
329,145
330,144
331,144
332,143
333,143
334,143
335,143
336,142
337,141
338,140
339,139
340,139
341,139
342,138
343,138
344,137
345,136
346,136
304,440
303,441
304,442
325,469
326,468
327,467
328,466
329,465
330,465
331,464
332,463
333,462
334,461
335,460
336,460
337,459
338,458
339,457
340,456
341,455
342,454
343,454
344,453
345,452
346,451
347,450
348,449
349,448
350,448
351,447
352,446
353,445
354,444
355,443
356,443
357,442
358,441
359,440
360,439
361,438
362,437
306,1044
307,1044
308,1044
309,1043
310,1043
311,1042
312,1041
313,1040
314,1040
315,1040
316,1040
317,1040
318,1040
319,1040
320,1040
321,1040
322,1040
323,1039
324,1039
325,1039
326,1039
327,1039
328,1039
329,1039
330,1039
331,1039
332,1038
333,1038
334,1038
335,1038
336,1038
337,1038
338,1038
339,1038
340,1038
341,1037
342,1037
343,1037
344,1037
345,1037
346,1037
347,1037
348,1037
349,1037
350,1036
351,1036
352,1036
353,1036
354,1036
355,1036
356,1036
357,1036
358,1036
359,1036
360,1035
361,1035
362,1035
363,1035
364,1035
365,1035
366,1035
367,1035
368,1035
369,1034
370,1034
371,1034
372,1034
373,1034
374,1034
375,1034
376,1034
377,1034
378,1033
379,1033
380,1033
381,1033
382,1033
383,1033
384,1033
385,1033
386,1033
387,1032
388,1032
389,1032
390,1032
391,1032
392,1032
393,1032
394,1032
395,1032
396,1032
397,1031
398,1031
399,1031
400,1031
401,1031
402,1031
403,1031
404,1031
405,1031
406,1030
407,1030
408,1030
409,1030
410,1030
411,1030
412,1030
413,1030
414,1030
415,1029
416,1029
417,1029
418,1029
419,1029
420,1029
421,1029
422,1029
423,1029
424,1028
425,1028
426,1028
427,1028
428,1028
429,1028
430,1028
431,1028
432,1028
433,1028
434,1027
435,1027
436,1027
437,1027
438,1027
439,1027
440,1027
441,1027
442,1027
443,1027
444,1027
445,1027
446,1026
447,1025
448,1025
449,1024
450,1024
451,1024
452,1023
453,1023
454,1023
455,1023
456,1022
457,1022
458,1022
459,1021
460,1021
461,1021
462,1021
463,1020
464,1020
465,1020
466,1019
467,1019
468,1019
469,1019
470,1018
471,1018
472,1018
473,1018
474,1018
475,1017
476,1016
477,1015
478,1014
479,1013
480,1012
481,1011
482,1010
483,1009
484,1008
485,1007
486,1006
312,265
313,264
314,263
315,262
316,261
317,260
318,259
319,258
320,257
321,256
322,255
323,254
324,254
325,253
312,773
312,772
313,771
314,770
314,769
315,768
315,767
316,766
316,765
316,764
317,763
317,762
317,761
317,760
317,759
317,758
317,757
317,756
317,755
317,754
317,753
317,752
317,751
318,750
318,749
318,748
318,747
318,746
318,745
318,744
318,743
318,742
318,741
318,740
318,739
318,738
318,737
318,736
319,735
319,734
319,733
319,732
319,731
319,730
319,729
319,728
319,727
319,726
319,725
319,724
319,723
319,722
319,721
319,720
319,719
319,718
319,717
319,716
319,715
319,714
319,713
320,712
320,711
320,710
320,709
320,708
320,707
320,706
320,705
320,704
320,703
320,702
320,701
320,700
320,699
320,698
320,697
320,696
320,695
320,694
320,693
320,692
320,691
320,690
320,689
320,688
320,687
320,686
320,685
320,684
320,683
320,682
320,681
320,680
320,679
321,678
321,677
321,676
321,675
321,674
321,673
321,672
321,671
321,670
321,669
321,668
321,667
321,666
321,665
321,664
321,663
321,662
321,661
321,660
321,659
321,658
321,657
321,656
321,655
321,654
321,653
321,652
321,651
321,650
321,649
321,648
321,647
321,646
321,645
321,644
321,643
321,642
321,641
321,640
321,639
321,638
321,637
321,636
321,635
321,634
321,633
321,632
321,631
321,630
321,629
321,628
321,627
321,626
321,625
321,624
322,623
322,622
322,621
322,620
322,619
322,618
322,617
322,616
322,615
322,614
322,613
322,612
322,611
322,610
322,609
322,608
322,607
322,606
322,605
322,604
322,603
322,602
322,601
322,600
322,599
322,598
322,597
322,596
322,595
322,594
322,593
322,592
322,591
322,590
322,589
322,588
322,587
322,586
322,585
322,584
322,583
322,582
322,581
322,580
322,579
322,578
322,577
322,576
322,575
323,574
323,573
323,572
323,571
323,570
323,569
323,568
323,567
323,566
323,565
323,564
323,563
323,562
323,561
323,560
323,559
323,558
323,557
323,556
323,555
323,554
323,553
323,552
323,551
323,550
323,549
323,548
323,547
323,546
323,545
323,544
323,543
323,542
323,541
323,540
323,539
323,538
323,537
323,536
323,535
323,534
323,533
323,532
323,531
324,530
324,529
324,528
324,527
324,526
324,525
324,524
324,523
324,522
324,521
324,520
324,519
324,518
324,517
324,516
324,515
324,514
324,513
324,512
324,511
324,510
324,509
324,508
324,507
324,506
324,505
324,504
324,503
324,502
324,501
324,500
324,499
324,498
324,497
324,496
324,495
324,494
324,493
324,492
324,491
324,490
324,489
324,488
324,487
324,486
324,485
324,484
324,483
325,482
325,481
325,480
325,479
325,478
325,477
325,476
325,475
325,474
325,473
325,472
325,471
325,470
312,773
313,774
314,775
315,775
316,775
317,776
318,776
319,777
320,777
321,777
322,778
323,778
324,779
325,779
326,779
327,780
328,780
329,781
330,781
325,253
326,252
327,251
330,250
331,251
332,252
329,249
328,248
329,247
329,246
330,245
331,244
331,243
332,242
333,241
334,240
334,239
335,238
336,237
336,236
336,235
336,234
336,233
336,232
336,231
336,230
336,229
336,228
336,227
336,226
336,225
332,252
333,253
334,254
331,780
332,779
333,778
334,777
335,776
336,775
337,774
338,773
339,772
340,771
341,770
342,769
343,768
344,767
345,766
346,765
347,764
348,763
349,762
350,761
351,760
352,759
353,758
354,757
355,756
356,755
357,754
358,753
359,752
360,751
361,750
362,749
363,748
364,747
365,746
366,745
367,744
368,743
369,742
370,741
371,740
372,739
373,738
374,737
375,736
376,735
377,734
378,733
379,732
380,731
381,730
382,729
383,728
384,727
385,726
386,725
387,724
388,723
389,722
390,721
391,720
392,720
393,720
394,719
395,718
396,717
397,717
331,781
332,782
333,782
334,783
335,783
336,783
337,784
338,784
339,784
340,785
341,785
342,786
343,786
344,786
345,787
346,787
347,788
348,788
349,788
350,789
351,789
352,790
353,790
354,790
355,791
356,791
357,792
358,792
359,792
360,793
361,793
362,793
363,794
364,794
365,795
366,795
367,795
368,796
369,796
370,797
371,797
372,797
373,798
374,798
375,799
376,799
377,799
378,800
379,800
380,801
381,801
382,801
383,802
384,802
385,803
386,803
387,804
388,804
389,804
390,805
391,805
392,806
393,806
394,806
395,807
396,807
397,808
398,808
399,808
400,809
401,809
402,810
403,810
404,810
405,811
406,811
407,812
408,812
409,812
410,813
411,813
412,814
413,814
414,814
415,815
416,815
417,816
418,816
419,817
420,817
421,817
422,818
423,818
424,819
425,819
426,819
427,820
428,820
429,821
430,821
431,821
432,822
433,822
434,823
435,823
436,823
437,824
438,824
439,825
440,825
441,825
442,826
443,826
444,827
445,827
446,828
447,828
448,828
449,829
450,829
451,830
452,830
453,830
454,831
455,831
456,832
457,832
458,832
459,833
460,833
461,834
462,834
463,834
464,835
465,835
466,836
467,836
468,837
469,838
470,839
471,840
472,841
473,842
474,843
475,844
476,845
477,846
478,847
479,848
480,849
481,850
482,851
483,852
484,853
485,854
486,855
487,856
488,857
489,858
490,859
491,860
492,861
493,862
494,863
495,864
496,865
497,866
498,867
499,868
500,869
501,870
502,871
503,872
504,873
505,874
506,875
507,876
508,877
509,878
510,879
511,880
512,881
513,882
514,883
515,884
516,884
517,884
518,884
519,884
520,885
521,884
522,885
523,885
524,884
525,884
526,885
527,885
528,885
529,884
530,885
531,884
532,885
533,884
534,885
535,885
536,884
537,884
538,884
539,885
540,884
541,884
542,885
543,886
544,887
545,888
546,889
547,890
548,891
549,892
550,893
551,894
552,895
553,896
554,897
555,898
556,899
557,900
558,901
559,902
560,903
561,904
562,905
563,906
564,907
565,908
566,909
567,910
568,911
569,912
570,913
571,914
572,915
573,916
574,916
575,916
576,917
577,918
578,919
579,919
333,255
334,256
335,255
336,224
337,223
338,222
338,221
338,220
338,219
339,218
339,217
339,216
339,215
340,214
341,213
341,212
342,211
343,210
343,209
343,208
344,207
344,206
344,205
344,204
344,203
345,202
345,201
346,200
347,199
348,199
349,198
350,197
351,196
352,196
353,195
354,194
355,193
356,192
357,192
358,191
359,190
360,189
361,189
362,188
363,187
364,187
365,186
366,186
367,185
368,184
369,184
370,183
371,183
372,182
373,182
374,182
375,181
376,181
377,181
378,181
379,181
380,180
381,180
382,180
383,180
384,180
385,179
386,179
387,179
388,179
389,179
390,179
391,178
392,178
393,178
394,178
395,177
396,177
397,177
398,176
399,176
400,175
362,436
363,435
363,434
363,433
364,432
364,431
364,430
364,429
365,428
365,427
365,426
366,425
366,424
366,423
366,422
367,421
367,420
367,419
368,418
368,417
368,416
368,415
369,414
369,413
369,412
370,411
370,410
370,409
370,408
371,407
371,406
371,405
372,404
372,403
372,402
372,401
373,400
373,399
373,398
374,397
374,396
374,395
374,394
375,393
375,392
375,391
376,390
376,389
376,388
376,387
377,386
377,385
377,384
378,383
378,382
378,381
378,380
379,379
379,378
379,377
380,376
380,375
380,374
380,373
381,372
381,371
381,370
382,369
382,368
382,367
382,366
383,365
383,364
383,363
383,362
384,361
384,360
384,359
385,358
385,357
385,356
385,355
386,354
386,353
387,352
387,351
388,350
389,349
389,348
390,347
390,346
391,345
391,344
392,343
392,342
393,341
393,340
394,339
395,338
396,337
396,336
397,335
398,334
399,333
400,332
401,331
402,331
403,330
404,329
405,328
406,327
407,326
408,325
409,325
410,324
411,323
412,323
413,322
414,321
415,320
416,319
417,319
418,318
419,317
420,316
421,315
422,314
423,313
424,312
425,311
426,310
427,309
428,308
429,307
430,306
431,305
432,304
433,303
434,303
435,302
436,301
437,300
438,300
439,299
440,298
441,297
442,296
443,295
444,294
445,294
446,293
363,437
364,437
365,437
366,437
367,437
368,437
369,437
370,437
371,437
372,437
373,437
374,437
375,437
376,437
377,437
378,437
379,437
380,437
381,437
382,437
383,437
384,437
385,437
386,437
387,436
388,436
389,436
390,436
391,436
392,436
393,436
394,436
395,436
396,436
397,436
398,436
399,436
400,435
401,435
402,435
403,435
404,435
405,435
406,435
407,434
408,434
409,434
410,434
411,434
412,434
413,433
414,433
415,433
416,433
417,433
418,433
419,432
420,432
421,432
422,431
423,431
424,431
425,431
426,430
427,430
428,430
429,430
430,430
431,429
432,429
433,429
434,429
435,428
436,428
437,428
438,428
439,427
440,427
441,427
442,426
443,426
444,426
445,426
446,425
447,425
448,425
449,424
450,424
451,424
452,424
453,423
454,423
455,423
456,422
457,422
458,422
459,422
460,421
461,421
462,421
463,421
464,420
465,420
466,420
467,419
468,419
469,419
470,418
471,418
472,418
473,417
474,417
475,416
476,416
477,415
478,415
479,414
480,413
481,413
482,412
483,411
484,411
485,410
486,409
487,408
488,407
489,407
490,406
491,405
492,404
493,404
494,403
495,402
496,401
497,400
498,400
499,399
500,398
501,397
502,396
503,396
504,395
401,715
402,714
403,715
403,715
404,714
405,713
406,712
407,711
408,711
409,711
410,710
411,709
412,709
413,708
414,707
415,707
416,706
417,706
418,705
419,705
420,704
421,704
422,703
423,702
424,702
425,701
426,701
427,700
428,700
429,699
430,698
431,698
432,697
433,697
434,696
435,696
436,695
437,694
438,694
439,693
440,693
441,692
442,692
443,691
444,691
445,690
446,689
447,689
448,688
449,688
450,687
451,687
452,686
453,685
454,685
455,684
456,684
457,683
458,683
459,683
460,683
461,684
462,684
463,683
464,682
465,681
466,680
467,679
468,678
469,677
470,676
471,675
472,674
473,673
474,672
475,671
476,670
477,669
478,668
479,667
480,666
481,665
482,664
483,663
484,662
485,661
486,660
487,659
488,658
489,657
490,656
491,656
492,655
493,654
494,653
495,652
496,651
497,650
498,649
499,648
500,647
501,646
502,645
503,645
504,644
505,643
506,642
507,641
508,640
509,639
510,638
511,637
512,636
513,635
514,634
515,633
516,632
517,631
518,630
519,629
520,628
521,627
522,626
523,625
523,624
524,623
525,622
400,175
401,175
402,175
403,174
404,174
405,174
406,174
407,173
408,173
409,172
410,172
411,171
412,170
413,169
413,168
414,167
415,166
415,165
416,164
417,163
418,163
419,162
420,161
421,160
422,160
423,159
424,158
425,157
426,156
427,155
427,154
428,153
428,152
428,151
428,150
428,149
428,148
428,147
428,146
428,145
429,144
429,143
429,142
430,141
430,140
431,139
431,138
432,137
433,136
433,135
433,134
433,133
434,132
434,131
434,130
435,129
435,128
436,127
437,126
437,125
438,124
438,123
439,122
439,121
440,120
441,119
441,118
442,117
443,116
444,115
445,114
446,113
446,75
445,74
444,73
444,72
444,71
444,70
444,69
443,68
443,67
443,66
443,65
443,64
443,63
443,62
443,61
443,60
443,59
443,58
443,57
443,56
443,55
443,54
444,53
444,52
445,51
446,50
447,49
446,75
445,76
445,77
446,78
446,79
446,80
446,81
447,82
447,83
447,84
447,85
447,86
447,87
448,88
448,89
448,90
448,91
448,92
447,93
448,94
448,95
448,96
448,97
448,98
448,99
448,100
448,101
449,102
446,113
446,112
446,111
446,110
446,109
447,108
447,107
447,106
447,105
447,104
448,103
449,102
446,293
447,293
448,292
449,291
450,291
451,290
452,290
453,289
454,288
455,288
456,287
457,287
458,286
459,285
460,285
461,284
462,284
463,283
464,283
465,282
448,48
449,48
450,48
451,47
452,47
453,46
454,46
455,45
456,45
457,44
458,44
459,44
460,43
461,43
462,42
463,42
464,41
465,41
466,41
467,40
468,40
469,39
470,38
471,37
472,36
473,35
474,34
474,33
474,32
474,31
474,30
474,29
475,28
475,27
475,26
476,25
476,24
476,23
476,22
476,21
477,20
477,19
478,18
478,17
479,16
479,15
479,14
480,13
480,12
481,11
482,10
483,9
484,9
485,9
486,9
487,9
488,9
489,8
465,282
466,283
467,283
468,283
469,284
470,284
471,284
472,285
473,285
474,285
475,286
476,286
477,286
478,287
479,287
480,288
481,288
482,288
483,289
484,290
485,291
486,291
487,292
488,293
489,294
490,295
491,295
492,296
493,297
494,298
495,299
496,299
497,300
498,300
499,301
500,302
501,302
502,303
503,303
504,304
505,304
506,305
507,306
508,307
509,307
510,308
511,309
512,309
513,309
514,309
515,309
516,309
517,309
518,309
519,308
520,308
521,308
522,308
523,307
524,307
525,306
526,306
527,306
528,305
529,305
530,305
531,304
532,304
533,304
534,304
535,303
536,303
537,303
538,303
539,303
540,302
504,394
504,393
505,392
505,391
505,390
505,389
506,388
506,387
506,386
507,385
507,384
508,383
509,382
509,381
510,380
510,379
510,378
511,377
505,395
506,396
507,397
508,397
509,398
510,398
511,398
512,398
513,398
514,398
515,398
516,398
517,398
518,398
519,398
520,398
521,398
522,398
523,398
524,398
525,398
526,399
527,399
528,399
529,399
530,400
530,401
530,402
531,403
531,404
532,405
533,406
534,407
535,408
536,409
537,409
538,410
539,410
540,411
541,412
542,413
543,413
544,414
545,415
546,416
547,416
548,417
549,417
550,418
551,419
552,420
553,421
554,421
555,422
556,422
557,423
558,424
559,424
560,424
511,377
511,376
512,375
512,374
513,373
513,372
514,371
515,370
515,369
516,368
511,377
512,378
513,379
514,380
515,381
516,382
517,383
518,383
519,384
520,384
521,385
522,385
523,386
524,386
525,386
526,386
527,387
528,386
529,386
530,387
531,386
532,386
533,386
534,386
535,386
536,386
537,386
538,386
539,386
540,385
541,385
542,386
543,386
544,386
545,385
546,385
547,385
548,385
549,385
550,385
551,385
552,385
553,385
554,384
555,384
556,384
557,384
558,384
559,383
560,383
561,383
562,384
563,383
564,383
565,383
516,226
517,227
516,228
516,228
515,229
516,230
516,231
517,232
517,233
518,234
518,235
519,236
519,237
520,238
520,239
520,240
521,241
522,242
522,243
521,244
516,367
516,366
517,365
517,364
517,363
518,362
519,361
519,360
520,359
520,358
521,357
522,356
521,244
522,245
523,246
523,247
523,248
523,249
524,250
524,251
525,252
525,253
526,254
526,255
527,256
527,257
528,258
528,259
529,260
529,261
530,262
530,263
531,264
531,265
531,266
532,267
532,268
532,269
532,270
533,271
533,272
534,273
534,274
535,275
535,276
536,277
536,278
537,279
538,280
539,281
539,282
540,283
541,284
542,285
543,286
543,287
544,288
545,289
546,290
522,356
522,355
522,354
523,353
523,352
524,351
525,350
526,349
527,348
528,347
529,346
522,356
523,357
524,358
525,359
526,360
527,361
528,362
529,363
530,364
531,365
532,365
533,366
534,366
535,366
536,366
537,366
538,367
539,367
540,367
541,366
542,366
543,367
544,366
545,367
546,367
547,367
548,367
549,367
550,367
551,367
525,622
526,623
527,622
526,621
526,620
527,619
528,618
528,617
529,616
530,615
530,614
531,613
532,612
532,611
533,610
534,609
534,608
535,607
536,606
536,605
537,604
538,603
538,602
539,601
540,600
540,599
541,598
541,597
542,596
543,595
543,594
544,593
544,592
545,591
545,590
546,589
546,588
546,587
547,586
547,585
548,584
548,583
549,582
549,581
549,580
550,579
550,578
550,577
550,576
551,575
551,574
551,573
552,572
552,571
552,570
552,569
553,568
553,567
553,566
553,565
554,564
554,563
554,562
554,561
554,560
555,559
555,558
555,557
556,556
556,555
556,554
556,553
557,552
557,551
557,550
557,549
558,548
558,547
558,546
559,545
559,544
559,543
560,542
560,541
561,540
561,539
561,538
562,537
562,536
563,535
563,534
563,533
564,532
564,531
565,530
565,529
566,528
566,527
567,526
567,525
568,524
527,622
528,622
529,622
530,622
531,623
532,623
533,622
534,622
535,623
536,622
537,622
538,622
539,623
540,622
541,623
542,624
529,346
529,345
529,344
529,343
529,342
530,341
530,340
530,339
531,338
531,337
532,336
533,335
533,334
534,333
534,332
535,331
535,330
536,329
536,328
537,327
537,326
538,325
538,324
538,323
539,322
539,321
540,320
540,319
541,318
541,317
541,316
542,315
541,302
542,301
542,300
543,299
543,298
543,297
544,296
544,295
545,294
545,293
545,292
546,291
541,303
541,304
541,305
541,306
541,307
541,308
541,309
541,310
541,311
541,312
541,313
541,314
542,315
542,624
543,623
544,623
545,623
546,623
547,623
548,622
549,623
550,622
551,623
552,624
553,625
554,626
555,627
556,628
557,629
558,630
559,631
560,631
561,632
542,624
543,625
544,626
545,627
546,628
547,629
548,630
549,631
550,632
551,631
552,631
553,632
547,290
548,290
549,290
550,290
551,290
552,290
553,290
554,291
553,632
554,633
555,632
554,291
555,290
556,289
557,289
558,288
559,288
560,287
561,287
562,286
563,286
564,285
565,285
566,284
567,284
568,283
569,283
570,283
571,282
572,282
573,282
574,281
575,281
576,281
577,280
578,280
579,279
554,291
555,292
556,293
557,294
558,295
559,296
560,297
561,298
562,299
563,300
564,301
565,302
566,302
567,303
568,304
569,304
570,305
571,306
572,306
573,307
574,307
575,307
576,308
577,309
578,308
579,309
580,308
581,308
582,308
583,308
584,308
585,308
586,307
587,307
588,307
589,306
590,306
591,306
592,306
593,306
594,305
595,305
596,305
597,305
598,305
599,304
555,632
556,631
557,632
558,633
559,633
560,633
561,632
562,631
563,632
563,632
564,633
565,634
565,634
566,633
567,634
567,634
568,634
569,635
568,524
567,523
568,522
568,521
569,520
570,523
571,522
572,521
573,520
574,519
575,518
576,517
577,516
578,515
579,514
580,513
581,512
570,524
571,525
572,524
573,524
574,524
575,524
576,524
577,523
578,522
579,521
580,520
581,519
582,518
583,517
584,516
585,515
586,514
587,513
588,512
569,520
568,519
568,518
568,517
569,516
569,515
569,514
569,513
569,512
569,511
570,510
570,509
570,508
570,507
570,506
570,505
570,504
570,503
570,502
571,501
571,500
571,499
571,498
572,497
572,496
572,495
572,494
573,493
573,492
573,491
574,490
569,520
570,519
571,518
572,517
573,516
574,515
575,514
576,513
577,512
578,511
579,511
580,511
570,636
571,637
572,636
579,279
580,278
581,277
582,277
583,276
584,275
585,274
586,273
587,272
587,271
588,270
589,269
590,268
591,268
592,267
593,266
594,266
595,265
596,264
597,263
598,262
599,261
600,260
601,259
602,258
603,257
604,256
604,255
605,254
606,253
607,252
608,251
609,250
610,249
611,248
612,247
613,246
613,245
614,244
615,243
616,242
616,241
617,240
617,239
618,238
618,237
579,279
580,280
581,281
582,282
583,283
584,284
585,285
586,286
587,287
588,288
589,289
590,289
591,290
592,290
593,291
594,291
595,292
596,292
597,292
598,292
599,292
600,292
601,292
602,292
603,291
604,291
605,291
606,291
607,291
608,290
609,290
610,290
611,290
612,290
613,290
579,919
580,920
581,919
580,511
581,510
582,511
582,511
583,510
584,510
585,509
586,510
581,919
582,920
583,920
584,921
585,922
585,922
586,923
587,922
594,508
595,507
596,508
587,922
588,923
589,922
589,922
590,922
591,923
592,922
593,923
593,923
594,924
595,924
596,923
619,236
620,236
621,235
622,234
623,234
624,233
625,232
626,231
627,230
628,229
629,228
630,227
631,226
632,225
633,224
634,223
634,222
635,221
636,220
637,219
638,218
639,217
640,216
641,215
642,214
643,213
644,212
644,211
645,210
646,209
647,208
647,207
648,206
649,206
650,205
651,204
652,203
653,203
654,202
655,201
656,201
657,201
658,200
659,199
