1,423
2,424
2,425
3,426
4,427
5,427
6,427
7,428
8,428
9,429
10,430
11,430
12,431
13,431
14,431
15,432
16,432
17,433
18,433
19,434
20,434
21,435
22,435
23,436
24,437
25,437
26,438
27,439
28,439
29,439
30,440
31,440
32,440
33,441
34,441
35,441
36,442
37,442
38,442
39,443
40,443
41,443
42,444
43,444
44,445
45,445
46,445
47,446
48,446
49,446
50,447
51,447
52,447
53,448
54,448
55,448
56,449
57,449
58,449
59,450
60,450
61,451
62,451
63,451
64,452
65,452
66,452
67,452
68,453
69,453
70,453
71,453
72,454
73,455
74,456
75,456
76,456
77,456
78,456
79,457
80,457
81,457
82,457
83,457
84,457
85,457
86,457
87,457
88,458
89,458
90,458
91,459
92,459
93,459
94,459
95,459
96,459
97,460
98,460
99,461
100,461
101,461
102,462
103,462
104,461
105,461
106,461
107,461
108,461
109,461
110,461
111,461
112,461
113,461
114,461
115,461
116,461
117,461
118,461
119,461
120,461
121,461
122,461
123,461
124,461
125,461
126,461
127,461
128,461
129,460
130,460
131,460
132,460
133,459
134,459
135,459
136,458
137,457
138,456
1,457
2,458
3,459
3,460
4,461
4,462
5,463
6,464
6,465
7,466
7,467
8,468
9,469
9,470
10,471
10,472
11,473
11,474
12,475
13,476
13,477
14,478
14,479
15,480
16,481
16,482
17,483
17,484
18,485
19,486
19,487
20,488
20,489
21,490
21,491
22,492
23,493
23,494
24,495
24,496
25,497
25,498
26,499
27,500
27,501
28,502
28,503
29,504
29,505
30,506
31,507
31,508
32,509
32,510
33,511
33,512
34,513
34,514
35,515
36,516
36,517
37,518
37,519
38,520
38,521
39,522
39,523
40,524
41,525
41,526
42,527
42,528
43,529
43,530
44,531
45,532
45,533
46,534
46,535
47,536
47,537
48,538
48,539
49,540
50,541
50,542
51,543
51,544
52,545
52,546
53,547
53,548
54,549
55,550
55,551
56,552
56,553
57,554
57,555
58,556
59,557
59,558
60,559
60,560
61,561
61,562
62,563
62,564
63,565
64,566
64,567
65,568
65,569
66,570
66,571
67,572
67,573
68,574
69,575
70,576
71,577
72,578
73,579
74,580
75,581
76,582
77,583
78,584
79,585
80,586
81,587
82,588
83,589
84,590
85,591
86,592
87,593
88,594
89,595
90,596
33,252
34,252
35,253
36,253
37,254
38,254
39,254
40,255
41,255
42,256
43,256
44,257
45,257
46,258
47,258
48,258
49,259
50,259
51,260
52,260
53,260
54,261
55,261
56,261
57,262
58,262
59,262
60,262
61,263
62,263
63,263
64,264
65,264
66,264
67,264
68,264
69,264
70,265
71,265
72,265
73,265
74,266
75,266
76,266
77,267
78,267
79,267
80,267
81,268
82,268
83,268
84,269
85,269
86,269
87,269
88,269
89,268
90,268
91,267
92,266
93,265
94,265
95,264
96,264
97,264
98,263
99,263
100,263
101,264
102,264
90,596
90,597
90,598
91,599
92,600
93,601
94,602
94,603
95,604
96,605
97,606
98,607
99,608
100,609
101,610
102,611
103,612
104,613
105,614
106,615
107,616
108,617
109,618
110,619
111,620
112,621
113,622
114,623
115,624
116,625
117,626
118,627
119,628
120,629
121,630
122,631
123,632
124,633
125,634
126,635
127,636
128,637
129,638
130,639
131,640
132,641
133,642
134,643
135,644
136,645
137,646
138,647
139,648
140,649
141,650
142,651
143,652
144,653
145,654
146,655
147,656
148,657
149,658
150,659
151,660
152,661
153,662
154,663
155,664
156,665
157,666
158,667
159,668
160,669
161,670
162,671
163,672
164,673
165,674
166,675
167,676
168,677
169,678
170,679
171,680
172,681
173,682
174,683
175,684
176,685
177,686
178,687
179,688
180,689
181,690
182,691
183,692
184,693
185,694
186,695
187,696
188,697
189,698
190,699
191,700
192,701
193,702
194,703
195,704
196,705
197,706
198,707
199,708
200,709
201,710
202,711
203,712
204,713
205,714
206,715
207,716
208,717
209,718
210,719
211,720
212,721
213,722
214,723
215,724
216,725
217,726
218,727
90,596
91,595
92,594
93,593
94,592
95,591
96,590
97,589
98,588
99,587
100,586
101,585
102,584
103,583
104,582
105,581
106,580
107,579
108,578
109,577
110,576
111,575
112,574
113,573
114,572
115,571
116,570
117,569
118,568
119,567
120,566
121,565
122,564
123,563
124,562
125,561
126,560
127,559
128,558
129,557
130,556
131,555
132,554
133,553
134,552
135,551
136,550
137,549
138,548
139,547
140,546
141,545
142,544
143,543
144,542
145,541
146,540
147,539
148,538
149,537
150,536
151,535
152,534
153,533
154,532
155,531
156,530
157,529
158,528
158,527
158,526
158,525
158,524
158,523
158,522
158,521
158,520
158,519
158,518
158,517
158,516
158,515
158,514
158,513
158,512
158,511
158,510
158,509
158,508
158,507
158,506
158,505
159,504
159,503
158,502
157,501
157,500
157,499
157,498
157,497
156,496
156,495
156,494
156,493
156,492
155,491
154,490
154,489
153,488
103,244
103,245
103,246
103,247
103,248
103,249
103,250
103,251
103,252
103,253
103,254
103,255
102,256
102,257
103,258
103,259
103,260
103,261
103,262
103,263
103,264
104,265
105,266
106,267
107,268
107,269
107,270
107,271
107,272
107,273
107,274
107,275
107,276
107,277
107,278
107,279
107,280
107,281
107,282
107,283
107,284
107,285
107,286
107,287
107,288
107,289
107,290
107,291
107,292
107,293
107,294
107,295
107,296
107,297
107,298
107,299
107,300
107,301
107,302
107,303
107,304
107,305
107,306
107,307
107,308
107,309
107,310
107,311
107,312
108,313
109,314
109,315
110,316
111,317
112,318
113,319
114,320
105,393
105,392
105,391
105,390
105,389
105,388
105,387
105,386
105,385
105,384
105,383
105,382
105,381
105,380
105,379
105,378
105,377
105,376
105,375
105,374
105,373
105,372
105,371
105,370
105,369
105,368
105,367
105,366
105,365
105,364
105,363
105,362
105,361
105,360
105,359
105,358
105,357
105,356
105,355
105,354
105,353
105,352
105,351
105,350
105,349
105,348
105,347
105,346
106,345
106,344
106,343
106,342
106,341
106,340
106,339
107,338
107,337
107,336
107,335
107,334
107,333
108,332
108,331
108,330
109,329
109,328
110,327
111,326
111,325
112,324
112,323
113,322
113,321
114,320
105,394
104,395
103,396
103,397
102,398
101,399
101,400
100,401
99,402
99,403
99,404
99,405
99,406
99,407
99,408
99,409
99,410
99,411
98,412
98,413
99,414
99,415
99,416
100,417
100,418
100,419
100,420
101,421
101,422
102,423
102,424
103,425
104,426
105,427
106,428
106,429
107,430
108,431
109,432
110,433
110,434
111,435
112,436
113,437
114,438
115,438
116,438
117,438
118,438
119,438
120,438
121,438
122,438
123,438
124,439
125,439
126,439
127,439
128,439
129,439
106,394
107,395
108,395
109,395
110,395
111,395
112,395
113,395
114,395
115,394
116,394
117,394
118,394
119,394
120,394
121,394
122,393
123,393
124,393
125,393
126,393
127,393
128,392
129,392
130,392
131,392
132,392
133,392
134,392
135,391
136,391
137,391
138,391
139,391
140,391
141,391
114,320
115,320
116,320
117,319
118,319
119,319
120,319
121,318
122,318
123,317
124,317
125,317
126,316
127,316
128,316
129,315
130,315
131,314
132,314
133,314
134,313
135,313
136,313
137,312
138,312
139,312
140,312
141,312
142,312
143,312
144,312
145,312
146,312
147,312
148,312
149,312
150,312
151,312
152,312
153,312
154,312
155,312
156,312
157,312
158,312
159,312
160,312
161,312
162,312
163,312
164,312
165,312
166,312
167,312
168,312
169,312
170,312
171,312
172,311
173,311
174,311
175,311
176,311
177,311
178,311
130,439
131,440
132,441
133,442
134,443
134,444
134,445
134,446
134,447
134,448
134,449
134,450
135,451
136,452
137,453
138,454
138,455
131,438
132,437
133,437
134,437
135,436
136,436
137,436
138,436
139,436
140,436
141,436
142,436
143,436
144,436
145,436
146,435
147,435
148,435
149,435
150,435
151,435
152,434
153,434
154,434
155,434
156,434
157,434
158,434
159,434
160,434
161,435
162,435
163,436
164,437
165,437
166,438
167,439
168,439
169,440
170,440
171,441
172,442
173,443
174,444
175,445
176,446
177,447
178,448
134,494
135,494
136,494
137,494
138,494
139,494
140,494
141,493
142,493
143,492
144,492
145,491
146,490
147,490
148,490
149,489
150,489
151,489
152,488
139,456
140,456
141,456
142,456
143,456
144,456
145,456
146,456
147,456
148,456
149,457
150,457
151,457
152,457
153,457
154,457
155,457
156,457
157,457
158,457
159,457
160,457
161,457
162,457
163,457
164,457
165,458
166,458
167,458
168,458
169,457
170,456
171,455
172,454
173,453
174,452
175,451
176,450
177,449
178,448
143,391
144,391
145,391
146,391
147,391
148,391
149,391
150,391
151,391
152,391
153,391
154,391
155,391
156,391
157,391
158,391
159,391
160,391
161,391
162,391
163,391
164,391
165,391
166,391
167,391
168,391
169,391
170,391
171,391
172,391
173,391
174,391
175,391
176,391
177,391
178,391
179,391
180,391
181,391
182,391
183,390
184,390
185,389
150,216
150,217
149,218
149,219
149,220
149,221
149,222
149,223
149,224
149,225
149,226
149,227
149,228
149,229
149,230
150,231
151,232
151,233
152,234
153,235
154,236
155,237
156,238
157,238
158,239
159,240
160,241
160,242
161,243
161,244
161,245
162,246
162,247
162,248
162,249
163,250
163,251
163,252
164,253
164,254
164,255
165,256
166,257
167,258
168,259
169,260
170,261
171,262
172,263
173,264
174,265
175,266
176,267
177,268
178,269
179,270
180,271
181,272
179,310
179,309
179,308
180,307
180,306
180,305
180,304
180,303
180,302
180,301
180,300
180,299
180,298
180,297
180,296
180,295
180,294
180,293
180,292
180,291
180,290
180,289
180,288
180,287
180,286
180,285
180,284
180,283
180,282
179,311
180,312
181,313
182,314
183,315
184,316
185,317
186,318
187,319
188,320
189,320
190,320
191,321
191,322
191,323
191,324
191,325
178,448
179,448
180,448
181,449
182,449
183,449
184,449
185,449
186,449
187,449
188,450
189,451
190,452
191,452
192,453
193,453
194,454
195,454
196,455
197,456
198,457
199,458
200,459
201,459
202,460
180,281
181,280
181,279
181,278
181,277
181,276
181,275
181,274
181,273
182,272
183,271
184,271
185,271
186,270
187,269
188,268
189,267
190,266
191,265
192,264
193,263
194,262
195,261
196,260
196,259
197,258
197,257
198,256
199,255
200,254
201,253
201,252
202,251
203,250
204,249
205,249
206,248
207,247
207,246
207,245
208,244
208,243
208,242
185,388
185,387
185,386
186,385
186,384
186,383
186,382
187,381
187,380
187,379
187,378
187,377
188,376
188,375
188,374
188,373
189,372
189,371
189,370
189,369
190,368
190,367
190,366
190,365
191,364
191,363
191,362
191,361
191,360
191,359
191,358
191,357
191,356
191,355
191,354
191,353
191,352
191,351
191,350
191,349
191,348
191,347
191,346
191,345
191,344
191,343
191,342
191,341
191,340
191,339
191,338
191,337
191,336
191,335
191,334
191,333
191,332
191,331
191,330
191,329
191,328
191,327
186,389
187,390
188,390
189,390
190,390
191,390
192,390
193,390
194,390
195,391
196,391
197,391
198,391
199,392
200,392
201,392
202,392
203,392
204,393
205,394
206,394
207,395
208,396
209,397
210,397
211,398
212,399
213,400
214,401
215,402
216,403
217,404
218,405
219,406
220,407
221,408
222,409
223,410
224,411
225,412
226,413
227,414
228,415
229,416
230,417
231,418
232,419
233,420
234,421
235,422
236,423
237,424
192,326
193,326
194,325
195,324
196,323
197,322
198,321
199,321
201,321
202,321
203,321
204,321
205,321
206,321
207,321
208,321
209,321
210,320
211,320
212,320
213,320
214,319
215,319
216,319
217,319
218,318
219,317
220,316
221,315
222,314
223,313
203,460
204,460
205,460
206,460
207,459
208,458
209,457
210,456
211,455
212,454
213,453
214,452
215,451
216,450
217,449
218,448
219,447
220,446
221,445
222,444
223,443
224,442
225,441
226,440
227,439
228,438
229,437
230,436
231,435
232,434
233,433
234,432
235,431
236,430
237,429
238,428
239,427
204,222
205,221
205,220
206,219
206,218
207,217
208,216
209,215
210,214
211,213
212,213
213,212
214,212
215,212
216,212
217,212
218,212
219,212
220,212
221,212
222,213
223,213
224,213
225,213
226,213
227,213
228,213
229,213
230,213
231,213
232,213
233,213
234,212
235,212
236,212
237,211
238,210
239,209
240,208
240,207
241,206
241,205
241,204
241,203
242,202
242,201
243,200
243,199
243,198
244,197
244,196
244,195
244,194
245,193
245,192
245,191
245,190
245,189
245,188
245,187
246,186
246,185
246,184
246,183
246,182
245,181
245,180
204,223
204,224
204,225
204,226
204,227
204,228
204,229
204,230
204,231
204,232
204,233
204,234
204,235
204,236
205,237
205,238
206,239
207,240
208,241
209,241
210,241
211,240
212,239
213,239
214,238
215,237
216,237
217,236
218,235
219,235
220,234
221,234
222,233
223,233
224,233
225,233
226,233
227,233
228,232
229,231
230,231
231,230
232,230
233,229
234,229
235,229
236,229
237,228
238,228
239,228
240,228
241,228
242,227
243,227
244,227
245,227
246,226
247,226
248,226
249,225
250,225
251,224
251,223
252,222
252,221
253,220
253,219
254,218
254,217
255,216
256,215
256,214
256,213
257,212
257,211
258,210
259,209
260,208
260,207
261,206
262,206
263,205
263,204
264,203
265,203
266,202
266,201
266,200
266,199
266,198
266,197
267,196
268,196
269,195
270,194
271,194
272,193
273,193
274,193
275,193
276,193
277,193
278,193
279,193
280,193
281,193
282,192
283,192
284,192
285,192
286,191
287,190
288,189
288,188
289,187
290,186
290,185
290,184
290,183
290,182
291,181
291,180
291,179
292,178
293,178
294,177
295,176
296,175
297,174
298,173
299,172
300,171
300,170
300,169
300,168
300,167
300,166
300,165
301,164
302,163
303,162
304,161
305,160
306,159
306,158
307,157
308,156
309,155
310,154
311,154
312,153
313,153
314,153
315,153
316,153
317,153
318,153
319,153
320,152
321,152
322,151
323,151
324,150
325,149
326,148
327,147
328,146
329,145
330,144
331,144
332,143
333,143
334,142
335,142
336,142
337,141
338,140
339,139
340,139
341,138
342,138
343,137
344,137
345,136
219,727
220,726
221,725
222,724
223,723
224,722
225,721
226,720
227,719
228,718
229,717
230,716
231,715
232,714
233,713
234,712
235,711
236,710
237,709
238,708
239,707
240,706
241,705
242,704
243,703
244,702
245,701
246,700
247,699
248,698
249,697
250,696
251,695
252,694
253,693
254,692
255,691
256,690
257,689
258,688
259,687
260,686
261,685
262,684
263,683
264,682
265,681
266,680
267,679
268,678
269,677
270,676
271,675
272,674
273,673
274,672
275,671
276,670
277,669
278,668
279,667
280,666
281,665
282,664
283,663
284,662
285,661
286,660
287,659
288,658
289,657
290,656
291,655
292,654
293,653
294,652
295,651
296,650
297,649
298,648
299,647
300,646
301,645
302,644
303,643
304,642
305,641
306,640
307,639
308,638
309,637
310,636
311,635
312,634
313,633
314,632
315,631
316,630
317,629
318,628
319,627
319,626
320,625
320,624
321,623
322,622
323,621
323,620
323,619
324,618
324,617
324,616
324,615
324,614
324,613
324,612
324,611
324,610
324,609
324,608
324,607
324,606
324,605
324,604
324,603
324,602
324,601
324,600
324,599
324,598
324,597
324,596
324,595
324,594
324,593
324,592
324,591
324,590
324,589
324,588
324,587
324,586
324,585
324,584
324,583
324,582
324,581
324,580
324,579
324,578
324,577
324,576
324,575
324,574
324,573
324,572
324,571
324,570
324,569
324,568
324,567
324,566
324,565
324,564
324,563
324,562
324,561
324,560
324,559
324,558
324,557
324,556
324,555
324,554
324,553
324,552
324,551
324,550
324,549
324,548
324,547
324,546
324,545
324,544
324,543
324,542
324,541
324,540
324,539
324,538
324,537
324,536
324,535
324,534
324,533
324,532
324,531
324,530
324,529
324,528
324,527
324,526
324,525
324,524
324,523
324,522
324,521
324,520
324,519
324,518
324,517
324,516
324,515
324,514
324,513
324,512
324,511
324,510
324,509
324,508
324,507
324,506
324,505
324,504
324,503
324,502
324,501
324,500
324,499
324,498
324,497
324,496
324,495
324,494
324,493
324,492
324,491
324,490
324,489
324,488
324,487
324,486
324,485
324,484
324,483
324,482
324,481
324,480
324,479
324,478
324,477
219,728
219,729
219,730
220,731
220,732
220,733
221,734
221,735
221,736
222,737
222,738
223,739
223,740
224,741
224,742
225,743
225,744
225,745
226,746
226,747
227,748
227,749
228,750
228,751
229,752
229,753
229,754
230,755
230,756
231,757
231,758
232,759
232,760
233,761
233,762
233,763
234,764
234,765
235,766
235,767
236,768
236,769
237,770
237,771
237,772
238,773
238,774
239,775
239,776
240,777
240,778
241,779
221,51
221,52
222,53
222,54
222,55
223,56
223,57
223,58
224,59
224,60
224,61
224,62
225,63
226,64
227,65
227,66
228,67
229,68
230,69
231,70
232,71
233,72
234,73
235,74
234,75
234,76
234,77
234,78
233,79
233,80
233,81
233,82
233,83
232,84
232,85
231,86
230,87
229,88
228,89
228,90
227,91
227,92
227,93
227,94
226,95
222,50
223,49
224,49
225,48
226,48
227,47
228,46
229,45
229,44
229,43
229,42
229,41
229,40
229,39
229,38
228,37
228,36
228,35
227,34
223,312
224,311
225,310
229,309
230,309
231,308
232,308
233,308
234,308
235,307
236,307
237,306
238,306
239,305
240,305
241,305
242,304
243,303
244,303
245,302
246,301
247,301
248,300
249,300
250,300
251,299
252,298
253,297
254,296
255,295
256,295
257,295
258,294
259,294
260,293
261,293
262,293
263,293
264,292
265,291
266,290
267,289
268,288
269,287
270,287
271,286
272,285
273,285
274,284
275,283
276,283
277,282
278,282
279,281
280,280
281,280
282,280
283,279
284,278
285,277
286,276
287,275
288,274
289,274
290,274
291,274
292,274
293,273
294,273
295,273
296,273
297,273
298,272
299,272
300,272
301,272
302,272
303,271
304,271
305,271
306,270
307,270
308,269
309,268
310,267
311,266
312,265
313,264
314,263
315,262
316,261
317,260
318,259
319,258
320,257
321,256
322,255
323,254
324,254
325,253
326,252
327,251
328,251
329,250
226,95
227,96
228,97
229,98
229,99
230,100
231,101
232,101
233,102
234,103
235,103
236,104
237,105
238,105
239,106
240,107
241,107
242,108
243,109
243,110
243,111
243,112
244,113
244,114
244,115
244,116
244,117
244,118
238,423
238,422
238,421
238,420
238,419
238,418
238,417
238,416
238,415
238,414
238,413
238,412
238,411
238,410
238,409
238,408
238,407
238,406
238,405
238,404
238,403
238,402
238,401
238,400
238,399
238,398
238,397
238,396
238,395
238,394
238,393
238,392
238,391
238,390
238,389
238,388
238,387
238,386
238,385
238,384
238,383
238,382
238,381
238,380
238,379
238,378
238,377
239,376
239,375
239,374
240,373
240,372
241,371
241,370
241,369
242,368
242,367
243,366
244,365
244,364
245,363
245,362
246,361
246,360
240,427
241,427
242,427
243,427
244,427
245,427
246,427
247,427
248,428
249,428
250,428
251,428
252,428
253,428
254,428
255,428
256,428
257,428
258,428
259,428
260,428
261,428
262,428
263,429
264,429
265,429
266,429
267,430
268,430
269,430
270,430
271,431
272,431
273,431
274,431
275,432
276,432
277,432
278,432
279,433
280,433
281,434
282,435
283,436
284,437
285,438
286,439
287,440
288,441
289,442
290,443
291,444
292,445
293,446
294,447
295,448
296,449
297,450
298,451
299,452
300,453
301,454
302,455
303,456
304,457
305,458
306,459
307,460
308,461
309,462
310,463
311,464
312,465
313,466
314,467
315,468
316,469
317,470
318,471
319,472
320,473
321,474
322,475
323,476
241,779
241,780
241,781
241,782
241,783
241,784
241,785
241,786
241,787
241,788
241,789
241,790
241,791
241,792
241,793
241,794
241,795
241,796
241,797
241,798
241,799
241,800
241,801
241,802
241,803
241,804
241,805
241,806
241,807
241,808
241,809
241,810
241,811
241,812
241,813
241,814
241,815
241,816
241,817
241,818
241,819
241,820
241,821
242,822
243,823
244,824
245,825
246,826
247,827
248,828
249,829
250,830
251,831
252,832
253,833
254,834
255,835
256,836
257,837
258,838
259,839
260,840
261,841
262,842
263,843
264,844
265,845
266,846
267,847
268,848
269,849
270,850
271,851
272,852
273,853
274,854
275,855
276,856
277,857
278,858
279,859
280,860
281,861
282,862
283,863
284,864
285,865
286,866
287,867
288,868
289,869
290,870
291,871
292,872
293,873
294,874
295,875
296,876
297,877
298,878
299,879
300,880
301,881
302,882
303,883
304,884
305,885
306,886
307,887
308,888
309,889
310,890
311,891
312,892
313,893
314,894
315,895
316,896
317,897
318,898
319,899
320,900
321,901
322,902
323,903
324,904
325,905
326,906
327,907
328,908
329,909
330,910
331,911
332,912
333,913
334,914
335,915
336,916
337,917
338,918
339,919
340,920
341,921
342,922
343,923
344,924
345,925
346,926
347,927
348,928
349,929
350,930
351,931
352,932
353,933
354,934
355,935
356,936
357,937
358,938
359,939
360,940
361,941
362,942
363,943
364,944
365,945
366,946
367,947
368,948
369,949
370,950
371,951
372,952
373,953
374,954
375,955
376,956
377,957
378,958
379,959
380,960
381,961
382,962
383,963
384,964
385,965
386,966
387,967
388,968
389,969
390,970
391,971
392,972
393,973
394,974
395,975
396,976
397,977
398,978
399,979
400,980
401,981
402,982
403,983
404,984
405,985
406,986
407,987
408,988
409,989
410,990
411,991
412,992
413,993
414,994
415,995
416,996
417,997
418,998
419,999
420,1000
421,1001
422,1002
423,1003
424,1004
425,1005
426,1006
427,1007
428,1008
429,1009
430,1010
431,1011
432,1012
433,1013
434,1014
435,1015
436,1016
437,1017
438,1018
439,1019
440,1020
441,1021
442,1022
443,1023
444,1024
445,1025
446,1026
447,1027
448,1028
449,1029
450,1030
451,1031
452,1032
453,1033
454,1033
455,1034
456,1034
241,779
242,778
243,777
244,776
245,775
246,774
247,773
248,772
249,771
250,771
251,771
252,771
253,771
254,772
255,772
256,772
257,772
258,773
259,773
260,773
261,773
262,774
263,774
264,774
265,774
266,775
267,775
268,775
269,775
270,776
271,776
272,776
273,776
274,776
275,777
276,777
277,777
278,777
279,778
280,778
281,778
282,778
283,778
284,778
285,778
286,778
287,778
288,778
289,778
290,778
291,778
292,778
293,778
294,778
295,778
296,778
297,778
298,778
299,778
300,778
301,778
302,778
303,778
304,778
305,778
306,778
307,778
308,778
309,778
310,778
311,778
312,778
313,778
314,778
315,778
316,778
317,778
318,778
319,778
320,778
321,778
322,778
323,778
324,778
325,778
326,778
327,778
328,778
329,778
330,778
331,778
332,778
333,778
334,778
335,778
336,778
337,778
338,778
339,778
340,778
341,778
342,778
343,778
344,778
345,778
346,778
347,778
348,778
349,778
350,778
351,778
352,778
353,778
354,778
355,778
356,778
357,778
358,778
359,778
360,778
361,778
362,778
363,778
364,778
365,778
244,120
244,121
243,122
243,123
242,124
241,125
241,126
240,127
240,128
240,129
240,130
240,131
240,132
240,133
240,134
240,135
240,136
240,137
240,138
240,139
240,140
241,141
241,142
241,143
241,144
241,145
241,146
241,147
241,148
241,149
241,150
241,151
241,152
241,153
241,154
241,155
241,156
241,157
241,158
241,159
241,160
241,161
242,162
242,163
242,164
242,165
242,166
242,167
243,168
243,169
243,170
243,171
243,172
243,173
243,174
243,175
244,176
244,177
244,178
245,179
324,476
325,475
326,474
327,473
328,472
329,471
330,470
331,469
332,468
333,467
334,466
335,465
336,464
337,463
338,462
339,461
340,460
341,459
342,458
343,457
344,456
345,455
346,454
347,453
347,452
348,451
348,450
348,449
348,448
348,447
348,446
348,445
348,444
349,443
349,442
349,441
349,440
350,439
351,438
351,437
352,436
353,435
354,434
355,433
356,432
357,431
358,430
359,430
360,430
361,429
362,429
363,428
364,428
365,427
366,427
367,426
368,426
369,426
370,425
371,425
372,424
373,424
374,423
375,423
376,422
377,421
330,249
330,248
331,247
331,246
331,245
332,244
332,243
333,242
333,241
334,240
335,239
335,238
335,237
335,236
336,235
336,234
336,233
336,232
336,231
336,230
336,229
336,228
336,227
336,226
336,225
336,224
337,223
337,222
337,221
337,220
338,219
339,218
339,217
339,216
340,215
340,214
340,213
341,212
341,211
341,210
341,209
342,208
342,207
342,206
342,205
343,204
344,203
345,202
345,201
346,200
347,199
348,198
349,197
350,196
351,196
352,195
353,194
354,193
355,192
356,192
357,191
358,190
359,190
360,189
361,188
362,187
363,187
364,186
365,186
366,185
367,185
368,184
369,183
370,183
371,183
372,183
373,182
374,182
375,182
376,182
377,182
378,181
379,181
380,181
381,181
382,181
383,181
384,180
385,180
386,180
387,180
388,179
389,179
390,178
391,178
392,177
393,177
394,177
395,176
396,176
397,176
398,176
399,176
400,175
401,175
402,174
403,174
404,174
405,174
406,174
407,173
408,173
409,173
410,173
411,172
412,171
412,170
413,169
414,168
414,167
415,166
415,165
416,164
417,163
418,162
419,161
420,160
421,160
422,159
423,158
424,157
425,157
426,156
427,155
427,154
427,153
427,152
428,151
428,150
428,149
428,148
428,147
429,146
429,145
429,144
429,143
430,142
430,141
431,140
431,139
431,138
432,137
432,136
433,135
433,134
434,133
434,132
434,131
434,130
435,129
435,128
436,127
436,126
437,125
437,124
438,123
439,122
439,121
440,120
440,119
441,118
442,117
443,116
444,115
445,114
446,113
446,112
446,111
447,110
447,109
447,108
447,107
447,106
447,105
447,104
447,103
448,102
366,778
367,777
368,777
366,779
367,780
368,781
369,782
370,783
371,784
372,785
373,786
374,787
375,788
376,789
377,790
378,791
379,792
380,793
381,794
382,795
383,796
384,797
385,798
386,799
387,800
388,801
389,802
390,803
391,804
392,805
393,806
394,807
395,808
396,809
397,810
398,811
399,812
400,813
401,814
402,815
403,816
404,817
405,818
406,819
407,820
408,821
409,822
410,823
411,824
412,825
413,826
414,827
415,828
416,829
417,830
418,831
419,832
420,833
421,834
422,835
423,836
424,837
425,838
426,839
427,840
428,841
429,842
430,843
431,844
432,845
433,846
434,847
435,848
436,849
437,850
438,851
439,852
440,853
441,854
442,855
443,856
444,857
445,858
446,859
447,860
448,861
449,862
450,863
451,864
452,865
453,866
454,867
455,868
456,869
457,870
458,871
459,872
460,873
461,874
462,875
463,876
464,877
465,878
466,879
467,880
468,881
469,882
470,883
471,884
472,885
473,886
474,887
475,888
476,889
477,890
478,891
479,892
480,893
481,894
482,895
483,896
484,897
485,898
486,899
487,900
488,901
489,902
490,903
491,904
492,905
493,906
494,907
495,908
496,909
497,910
498,911
499,912
500,913
501,914
502,915
503,916
504,917
505,918
506,919
507,920
508,921
509,922
510,923
511,924
512,925
513,926
514,927
515,928
516,929
517,930
518,931
519,932
520,933
521,934
522,935
523,936
524,937
525,938
526,939
527,940
528,941
529,942
530,943
531,944
532,945
533,946
534,947
535,948
536,949
536,950
536,951
537,952
537,953
537,954
537,955
537,956
537,957
537,958
537,959
537,960
537,961
537,962
536,963
536,964
536,965
536,966
535,967
535,968
535,969
535,970
534,971
534,972
534,973
534,974
534,975
533,976
533,977
533,978
533,979
533,980
533,981
532,982
532,983
532,984
532,985
532,986
532,987
531,988
531,989
531,990
531,991
530,992
530,993
530,994
530,995
530,996
529,997
529,998
528,999
528,1000
527,1001
527,1002
527,1003
527,1004
527,1005
526,1006
526,1007
369,776
370,775
371,774
372,773
373,772
374,771
375,770
376,769
377,768
378,767
379,766
380,765
381,764
382,763
383,762
384,761
385,760
386,759
387,758
388,757
389,756
390,755
391,754
392,753
393,752
394,751
395,750
396,749
397,748
398,747
399,746
400,745
401,744
402,743
403,742
404,741
405,740
406,739
407,738
408,737
409,736
410,735
411,734
412,733
413,732
414,731
415,730
416,729
417,728
418,727
419,726
420,725
421,724
422,723
423,722
424,721
425,720
426,719
427,718
428,717
429,716
430,715
431,714
432,713
433,712
434,711
435,710
436,709
437,708
438,707
439,706
440,705
441,704
442,703
443,702
444,701
445,700
446,699
447,698
448,697
449,696
450,695
451,694
452,693
453,692
454,691
455,690
456,689
457,688
458,687
459,686
460,685
461,684
462,683
463,682
464,682
465,682
369,778
370,779
371,780
372,781
373,782
374,783
375,784
376,785
377,786
378,787
379,788
380,789
381,790
382,791
383,792
384,793
385,794
386,795
387,796
388,797
389,798
390,799
391,800
392,801
393,802
394,803
395,804
396,805
397,806
398,807
399,808
400,809
401,810
402,811
403,812
404,813
405,814
406,815
407,816
408,817
409,818
410,819
411,820
412,821
413,822
414,823
415,824
416,825
417,826
418,827
419,828
420,829
421,830
422,831
423,832
424,833
425,834
426,835
427,836
428,837
429,838
430,839
431,840
432,841
433,842
434,843
435,844
436,845
437,846
438,847
439,848
440,849
441,850
442,851
443,852
444,853
445,854
446,855
447,856
448,857
449,858
450,859
451,860
452,860
453,860
454,860
455,860
456,860
457,860
458,860
459,860
460,860
461,860
462,860
463,859
464,859
465,858
466,858
467,858
468,857
469,857
470,857
471,857
472,856
473,856
474,855
475,855
476,854
477,854
478,853
479,853
480,852
481,852
482,851
483,851
484,850
485,850
486,849
487,849
488,848
489,848
490,848
491,848
492,848
493,848
494,848
495,848
496,849
497,849
498,849
499,849
500,850
501,850
502,850
503,850
504,850
505,851
506,851
507,851
508,851
509,851
510,851
511,852
512,852
513,852
514,852
515,852
516,852
517,852
518,853
519,853
520,853
521,853
522,854
523,854
524,854
525,854
526,854
527,855
528,855
529,855
530,855
531,856
532,856
533,857
534,857
535,858
536,858
537,858
538,858
539,859
540,859
541,859
542,859
543,860
544,861
545,862
546,863
547,864
548,865
549,866
550,867
551,868
552,869
553,870
554,871
555,872
556,873
557,874
558,875
559,876
560,877
561,878
562,879
563,880
564,881
565,882
566,883
567,884
568,885
569,885
570,885
571,885
572,885
573,885
574,885
575,885
576,885
577,885
578,885
579,885
580,885
581,885
582,885
583,885
584,885
585,885
586,885
587,885
588,885
589,885
590,885
591,885
592,885
593,885
594,885
595,885
596,885
597,885
598,885
599,885
600,885
601,885
602,885
603,885
604,885
605,885
606,885
607,885
608,885
609,886
377,421
378,420
378,419
379,418
379,417
380,416
381,415
381,414
382,413
382,412
382,411
382,410
382,409
382,408
382,407
382,406
382,405
382,404
382,403
382,402
382,401
382,400
382,399
382,398
382,397
382,396
382,395
382,394
382,393
382,392
382,391
383,390
383,389
383,388
383,387
383,386
383,385
384,384
384,383
385,382
385,381
385,380
386,379
386,378
387,377
387,376
387,375
388,374
388,373
389,372
389,371
389,370
390,369
390,368
390,367
390,366
390,365
391,364
391,363
391,362
391,361
391,360
392,359
392,358
392,357
392,356
393,355
393,354
393,353
393,352
394,351
394,350
394,349
395,348
395,347
396,346
396,345
396,344
397,343
397,342
397,341
398,340
398,339
398,338
399,337
399,336
399,335
400,334
401,333
401,332
402,331
403,330
403,329
404,328
405,327
406,326
407,325
408,324
409,323
410,322
410,321
411,320
412,319
413,318
413,317
414,316
415,316
416,315
417,314
418,314
419,313
420,312
421,311
422,310
423,310
424,309
425,308
426,307
427,306
428,305
429,304
430,303
431,302
432,302
433,301
434,301
435,300
436,300
437,299
438,298
439,297
440,296
441,295
441,294
442,293
443,292
444,291
445,290
446,289
447,288
448,288
449,287
450,287
451,286
452,285
453,285
454,284
455,283
456,282
457,282
458,282
459,282
460,281
377,421
378,422
379,423
380,424
381,425
382,426
383,427
384,428
385,429
386,430
387,431
388,432
389,433
390,434
391,435
392,436
393,437
394,437
395,437
396,437
397,437
398,437
399,436
400,436
401,436
402,436
403,435
404,435
405,435
406,435
407,434
408,434
409,434
410,433
411,433
412,433
413,433
414,432
415,432
416,432
417,432
418,431
419,431
420,431
421,431
422,430
423,430
424,430
425,430
426,429
427,429
428,429
429,429
430,428
431,428
432,428
433,428
434,427
435,427
436,427
437,427
438,426
439,426
440,426
441,426
442,425
443,425
444,425
445,425
446,424
447,424
448,423
449,423
450,423
451,423
452,422
453,422
454,422
455,422
456,421
457,421
458,420
459,420
460,419
461,419
462,418
463,418
464,418
465,417
466,417
467,416
468,416
469,415
470,415
471,414
472,414
473,414
474,413
475,413
476,412
477,412
478,411
479,411
480,410
481,410
482,410
483,409
484,409
485,408
486,408
487,408
488,408
489,407
490,407
491,406
492,405
493,404
494,404
495,403
496,402
497,401
498,400
499,400
500,399
501,398
502,398
503,397
504,396
505,395
506,394
448,100
448,99
448,98
447,97
447,96
447,95
447,94
447,93
447,92
447,91
447,90
447,89
447,88
447,87
447,86
447,85
447,84
447,83
447,82
447,81
447,80
447,79
446,78
446,77
446,76
446,75
445,74
445,73
445,72
445,71
445,70
444,69
444,68
443,67
443,66
443,65
443,64
443,63
443,62
443,61
443,60
443,59
443,58
443,57
443,56
443,55
444,54
444,53
444,52
445,51
446,50
447,49
447,48
448,47
449,46
450,46
451,46
452,46
453,46
454,46
455,46
456,46
457,45
458,45
459,44
460,44
461,44
462,44
463,43
464,42
465,42
466,41
467,40
468,39
469,39
470,38
471,37
472,36
473,35
474,34
474,33
475,32
475,31
475,30
475,29
475,28
475,27
475,26
476,25
476,24
476,23
477,22
477,21
477,20
477,19
477,18
478,17
478,16
478,15
479,14
479,13
480,12
480,11
481,10
482,9
483,9
484,8
485,8
486,8
487,8
488,8
461,281
462,282
463,283
464,283
465,284
466,284
467,285
468,285
469,286
470,286
471,287
472,287
473,288
474,288
475,289
476,289
477,290
478,291
479,291
480,292
481,292
482,293
483,293
484,294
485,294
486,295
487,295
488,296
489,296
490,297
491,297
492,298
493,299
494,300
495,301
496,301
497,302
498,303
499,303
500,303
501,304
502,304
503,304
504,305
505,306
506,306
507,307
508,308
509,308
510,308
511,308
512,308
513,309
514,309
515,309
516,309
517,309
518,309
519,309
520,309
521,309
522,308
523,308
524,307
525,307
526,307
527,306
528,305
529,304
530,303
531,302
532,301
533,300
534,299
535,298
536,297
537,296
538,295
539,294
540,294
466,681
466,680
467,679
468,678
469,677
470,676
471,675
472,674
473,673
474,672
475,671
476,670
477,669
478,668
479,667
480,666
481,665
482,664
483,663
484,662
485,661
486,660
487,659
488,658
489,657
490,656
491,655
492,654
493,653
494,652
495,651
496,650
497,649
498,648
499,647
500,646
501,645
502,644
503,643
504,642
505,641
506,640
507,639
508,638
509,637
510,636
511,635
512,634
513,633
514,632
515,631
516,630
517,629
518,628
519,627
520,626
521,625
522,624
523,623
524,622
525,621
526,620
527,619
528,618
529,617
530,616
531,615
532,614
533,613
534,612
535,611
536,610
537,609
538,608
539,607
540,606
541,605
542,604
543,603
544,602
545,602
546,601
547,601
548,600
549,600
550,599
551,598
551,597
551,596
551,595
552,594
552,593
552,592
552,591
553,590
553,589
553,588
553,587
554,586
554,585
554,584
554,583
554,582
555,581
555,580
555,579
555,578
556,577
556,576
556,575
557,574
557,573
557,572
558,571
558,570
558,569
559,568
559,567
559,566
560,565
560,564
561,563
561,562
561,561
561,560
562,559
562,558
562,557
562,556
563,555
563,554
563,553
563,552
564,551
564,550
564,549
564,548
565,547
565,546
565,545
565,544
565,543
566,542
566,541
566,540
566,539
567,538
567,537
567,536
567,535
568,534
568,533
568,532
568,531
569,530
569,529
569,528
569,527
569,526
569,525
569,524
570,523
570,522
570,521
570,520
571,519
571,518
571,517
571,516
571,515
572,514
572,513
572,512
572,511
573,510
573,509
573,508
573,507
574,506
574,505
574,504
574,503
574,502
467,682
468,682
469,682
470,682
471,682
472,682
473,682
474,682
475,682
476,682
477,682
478,682
479,682
480,682
481,682
482,682
483,682
484,682
485,682
486,682
487,682
488,682
489,682
490,682
491,682
492,682
493,682
494,682
495,682
496,682
497,682
498,682
499,682
500,682
501,682
502,682
503,682
504,682
505,682
506,682
507,682
508,682
509,682
510,682
511,682
512,682
513,682
514,682
515,682
516,682
517,682
518,682
519,682
520,682
521,682
522,682
523,682
524,682
525,682
526,682
527,682
528,682
529,682
530,682
531,682
532,682
533,682
534,682
535,682
536,682
537,682
538,682
539,682
540,682
541,682
542,682
543,682
544,682
545,682
546,682
547,682
548,682
549,682
550,682
551,682
552,682
553,682
554,682
555,682
556,682
557,682
558,682
559,682
560,682
561,682
562,682
563,682
564,682
565,682
566,682
567,682
568,682
569,682
570,682
571,682
572,682
573,682
574,682
575,682
576,682
577,681
578,681
579,681
580,681
581,681
582,681
583,681
584,681
585,681
586,681
587,681
588,681
589,681
590,681
591,680
507,393
507,392
507,391
508,390
508,389
508,388
508,387
508,386
509,385
509,384
509,383
509,382
509,381
510,380
510,379
511,378
512,377
513,376
507,394
508,395
509,396
510,397
511,398
512,398
513,398
514,398
515,398
516,398
517,398
518,398
519,398
520,398
521,398
522,398
523,398
524,398
525,398
526,398
527,398
528,398
529,399
530,400
531,401
532,402
532,403
532,404
533,405
533,406
534,407
535,408
536,408
537,409
538,410
539,410
540,411
541,412
542,412
543,413
544,414
545,415
546,415
547,416
548,417
549,417
550,418
551,419
552,420
553,420
554,421
555,422
556,422
557,423
558,423
559,424
560,424
513,376
513,375
513,374
514,373
514,372
514,371
514,370
515,369
516,368
517,367
518,366
518,365
519,364
519,363
519,362
519,361
519,360
520,359
520,358
521,357
522,357
521,243
522,244
523,245
523,246
523,247
524,248
524,249
524,250
525,251
525,252
525,253
526,254
526,255
526,256
527,257
527,258
528,259
528,260
528,261
529,262
529,263
530,264
530,265
531,266
531,267
532,268
532,269
533,270
534,271
535,272
535,273
536,274
536,275
537,276
537,277
538,278
538,279
538,280
538,281
538,282
538,283
539,284
539,285
539,286
540,287
541,288
542,289
523,356
523,355
523,354
523,353
524,352
524,351
525,350
526,349
527,349
528,348
529,348
530,347
531,346
531,345
531,344
531,343
532,342
532,341
532,340
532,339
533,338
533,337
533,336
533,335
533,334
533,333
533,332
534,331
534,330
535,329
535,328
535,327
535,326
535,325
536,324
536,323
536,322
536,321
537,320
537,319
537,318
537,317
538,316
538,315
538,314
539,313
539,312
540,311
540,310
541,309
541,293
541,292
541,291
542,290
541,295
541,296
541,297
541,298
541,299
541,300
541,301
541,302
541,303
541,304
541,305
541,306
541,307
541,308
543,289
544,289
545,289
546,289
547,289
548,289
549,289
550,289
551,289
552,288
553,288
554,287
555,286
556,285
557,284
558,283
559,283
560,283
561,283
562,283
563,283
564,283
565,282
566,282
567,282
568,282
569,282
570,282
571,282
572,282
573,282
574,281
575,281
576,281
577,281
578,280
579,280
580,280
581,280
554,289
555,290
556,291
557,292
558,293
559,294
560,295
561,296
562,297
563,298
564,299
565,300
566,301
567,302
568,303
569,304
570,305
571,306
572,307
573,307
574,308
575,308
576,308
577,308
578,308
579,308
580,308
581,308
582,308
583,307
584,307
585,307
586,307
587,307
588,306
589,306
590,306
591,306
592,305
593,305
594,305
595,305
596,304
597,304
598,304
599,304
582,279
583,278
583,277
584,276
584,275
585,274
586,273
587,272
587,271
588,270
589,269
590,268
591,267
592,266
593,265
594,264
595,263
596,263
597,263
598,262
599,261
600,260
601,259
602,258
603,257
604,256
604,255
605,254
606,253
607,252
608,251
609,250
610,249
611,248
612,247
612,246
612,245
613,244
613,243
613,242
614,241
614,240
614,239
615,238
615,237
616,236
616,235
617,234
618,233
618,233
619,233
620,232
621,232
622,232
623,231
624,231
625,230
626,230
627,230
628,229
629,228
630,227
631,226
632,225
633,224
634,223
635,222
636,221
637,220
637,219
638,218
639,217
640,216
641,215
642,214
643,213
644,212
644,211
645,210
645,209
646,208
647,207
648,206
649,206
650,206
651,205
652,204
653,203
653,202
653,201
654,200
654,199
654,198
655,197
655,196
655,195
655,194
656,193
656,192
657,191
657,190
657,189
658,188
658,187
658,186
659,185
659,184
659,183
660,182
660,181
660,180
660,179
660,178
660,177
660,176
661,175
661,174
661,173
662,172
